text,label
EVQLQASGGGLVQTGGSLRLACAGSGRSFNNYGMGWFRQAPGKERQFVAAISGNDHTTHYSDSVKGRFTISRDNAKTTVYLQMNSLKPEDTAVYYCAADRLGSFFFPRASPSDYGYWGQGTQVTVSS,0.4526525439072968
QVQLQESGGGSVQAGGSLRLSCAVSGYSYSSYSIAWIRQAPGREREGVACINSGGKLAVYASSVKGRFTISHDNAKNTAYLQMNSLKPEDTAIYYCVLGESYCSQENYTSKWRAQGTQVTVSS,0.4961071881223974
QVKLEESGGGLVQAGGSLRLSCAASERTFSRYPVAWFRQAPGAEREFVAVISSTGTSTYYADSVKGRFTISRDNAKVTVYLQMNNLKREDTAVYFCAVNSQRRRLQDPNEYDYWGQGTQVTVSS,0.6536302734021364
DVQLQESGGGSVQAGGSLRLSCAASPYFSLRSEVAWFRQAPGKEREGVATIFTSTGSTYYADSVKGRFTISQDNANTVSLQMNSLEPEDAAMYYCAIEGRPMIGGPSLSMGSPNSYTYWGQGTQVTVSS,0.36212203512583746
EVQLQASGGGLVQAGSSLRLSCAASGLTTSTLYRMGWFRQAPGKEREFVGTITWSGGSTHYPDSLKGRFTISRDDAKNTGFLQMDSLKPEDTAIYYCAARTSAGIYDPTSPPAYDSWGQGTQVTVSS,0.48886474741988056
EVQLVESGGGLVQTGGSLRLSCAASGSIAGINAMGWYRQAPGKQRELVATITRGGSTNYADSAKGRFTISRDNAWNTVYLQMNSLKPEDTAVYYCKAQRLLWGDYWGQGTQVTVSS,0.5034976605105923
DVQLQASGGGLVQAGGSLRLSCAASSGTFSSYTMGWFRQAPGKERELVARLSQSLTTLYADSVKGRFTISRDNAENTVYLQMNSLKPEDTGVYYCAAHPGTYGSAWLISPHDYAYWGQGTQVTVS,0.4526525439072968
EVQLVESGGGLVQPGGSLRLSCTPSGSGLSINRMGWYRQAPGKQRELVARIYSSGTTTYVDSVKGRFTISRDNAKNTVFLQMTSLKPEDTAVYYCKGKIKLTTWPDRWTDYWGQGTQVTVSS,0.4798116965417346
QVKLEESGGGLVQPGGSLRLSCAASGRTLSSYIVAWFRQAPGKEREFVAGISRRGGNSAYVESVKGRFTISRDNAKNTVYLQMNSLKPEDTAVYYCAADGSVAGWGRRSVSVSSYDYWGQGTQVTVSS,0.581205866376969
QVQLVESGGGSVQAGGSLRLSCSASGYTYISGWVRQAPGKGLEGVAAIRSSDGTTYYADSVKGRFTISQDNAKNTVYLQMNSLKPEDTAMYYCAATEVAGWPLDIGIYDYWGQGTQVTVSS,0.6409560021727324
QVQLVESGGALVQPGGSLRLSCAASGFPVNRYSCRWYRQAPGKEREWVAGMSSAGDRSSYEDSVKGRFTISRDDARNTCYLQMNSLKPEDTAVYYCNVNVGFEYWGQGTNVTVSS,0.6011225783088902
QVQLVESGGGLVQPGGSLRLSCAASGLTLDYYAIGWFRQAPGKEREGVSCISHPGGSTNYADSVKGRFTISRDNAKNTVYLQMNSLKPEDTAVYYCAASPLALFRLCVLPSPLPYDYWGQGTQVTVSS,0.5873619409741083
DVQLQESGGGSVQAGGSLRLSCAASGFPFSNYCMGWFRQAPGKEREGVATISRLGMFTEYADSVQGRFIISRDNAQNMVFLQMNNLTPEDTAIYYCAAVSTSSSDCRPRLPSQEYTYWGQGTQVTVSS,0.6337135614702155
EVQLQASGGGLVQPGGSLRLSCAASGRAIGSLGMGWFRQAPGKEREFVAVTRRSARRTYYADSVKGRFTVSRDNAKNTVYLQMSSLKPEDTAVYYCAADPSVISTDYEDAKEYDYWGQGTQVTVSS,0.3259098316132537
EVCLVESGGGLVQAGDSLRLSCTASGRTFSRAVMGWFRQAPGKEREFVAAISAAPGTAYYAFYADSVRGRFSISADSAKNTVYLQMNSLKPEDTAVYYCAADLKMQVAAYMNQRSVDCWGQGTQVTVSS,0.8147745790331342
EVQLQASGGGLVQAGGSLRVSCAASGIAFTNYALAWYRQPPGKQREWVATVGVLGGTKYADSVKGRFAISRDNAKNTVILQMNSLKPVDTAVYFCAAVEWSNGRYYWDSWGQGTQVTVSA,0.28969762810066996
QVQLQESGGGLVQPGGSLRLSCEASGFTFSAYPMSWVRQAPGKGLEWVATITNGGGFTDYADSVKGRFTISRDNAKNTMYLQLNKLKTEDTALYYCAQGSAMTSVLPPTPKGQGTQVTVSS,0.3983342386384212
EVQLVESGGGLVQAGDSLRLSCTASGRTFSRAVMGWFRQAPGKEREFVAAISAAPGTAYYAFYADSVRGRFSISADSAKNTVYLQMNSLKPEDTAVYYCAADLKMQVAAYMNQRSVDYWGGTQVTVSS,0.7604562737642586
QVQLVESGGGSVQAGGSLRLSCARSGSTDSRNCMGWFRQAPGKERESVASIYASGSTLYADSVEDRFTISQDNNKNTVYLQMNSLKPDDTAMYYCAAGRSRLGCSTERNSDYWGQGTQVTVSS,0.34401593336954556
DVQLQASGGGLVQPGGSLRLTCAASGLIFGSYAMGWFRQAPGKAREFVAAISWSGGDTYADSVKGRFTISRDNAKNTVYLQMNSLEPEDTAVYSCAAVGSKYYISKDAKDYGYWGQGTQVTVSSA,0.5793952562013399
MEVQLEESGGGLVQPGGSLRLSCAASGFNIKDTYIGWVRQAPGKGEEWVASIYPTSGYTRYADSVKGRFTISADTSKNTAYLQMNSLRAEDTAVYYCAAGSAQAGNAEEAEEEFDYWGQGTLVTVSSDHHHHHHH,0.6699257649827992
QVQLQESGGGLVQAGGSLRLSCTALRSVGSENGMGWYRQSPGNQRELVATVTSDTSTTYRDSVKGRFAISRDSAKTVSLQMNNLKPEDTAVYYCADEEGHHLLNRRSTVWYWGQGTQVTVSS,0.18106101756291873
EVQLVESGGGLVDAGDSLRLSCTASGRTFSDAVMGWFRQAPGKEREFVCAISAAPGTAYYAFYADSVRGRFSCSADSAKNTVYLQMNSLKPEDTAVYYCAADLKMQVAAYMNQRSVDYWGQGTQVTVSS,0.7604562737642586
QVQLQESGGGLVQAGGSLRLSCTAFRSVGVIDVMGWYRQAPGKQRELVATVTSGSSTTYADSVKGRFAISRDNAKTVSLQMNSLKPEDTAVYYCADDDEGKLLNRRSVWYYWSQGTQVTVSS,0.20822017019735653
QVKLQASGGGSVQAGGSLRLSCVTSQNLFEYYTMGWYRQVPGSQRERVALINNGGSTVAGSVKGRFTISRDHAKNSVYLQMNYLKREDSAVYYCRAFGPADYWGQGTQVTVSS,0.18106101756291873
EVQLQASGGGLVRPGGSLRLSCAASGSFFTIDTMAWYRQAPGRRRELVARQSSGRSPDVDDSVVGRFTISRDIAKSSVYLQMDSLQPEDTALYYCYQSIRPWPGSSYEAHWGQGIQVIVSS,0.21727322107550248
QVQLQESGGGLVQAGGSLRLSCVASGYLFSLRGMGWYRQAPGKQRELVSIISRYGPAKYADSVKGRFTISQDNAKNTLYLQMNSLRPEDTAVYFCAASRPNSDKLDYWGQGTQVTVSS,0.34401593336954556
EVQLQRSGGGLVQGGDSLRLSCRASGRTLGDYGVAWFRQAPGKEREFVSVISRSTIITDYANSYKGRFTISRDNAKNAVYLQMNSLKPEDTAVYYCAVIANPVYATSRNSDDYGHWGQGTQVTVSS,0.3078037298569618
QVKLQASGGGLVQAGDSLRLSCAASGRTLSIYATGWFRQAPGKEREFVSAIRSTGSDTYYANSVKGRFTIARDNAKNMVYLQMNSLKPEDTAVYYCAAGRGQRLGYSRRQNDYDFWGQGTQVTVSS,0.36212203512583746
QVQLVESGGGLVQAGGSLRLSCVASGRTFIAYAMGWFRQAPGKEREFVAAITNFAGGTTYYADSVKGRFTISRDNAKTTVYLQMNSLKPEDTALYYCAADRSAQTMRQVRPVLPYWGQGTQVTVSS,0.5178345102299474
DVQLVESGGGSVQAGGSLRLSCAVSGSTYSPFTTGWYRQAPGKEREWVSSISSPGTIYYQDSVKGRFTISRDNAKNTVYLQMNSLQREDTGMYYCQIQMGVRSIREYWGQGTQVTVSS,0.3259098316132537
QVQLVESGGGLVQAGGSLRLSCAASGFPVYRDRMAWYRQAPGKEREWVAAIYSAGQQTRYADSVKGRFTISRDNAKNTVYLQMNSLKPEDTAVYYCNVKDVGHHYEYYDYWGQGTQVTVSS,0.3458265435451748
QVQLQESGGGSVQAGGSLRLSCAASGYPYNNYCMGWFRQAPGKEREGVAAINSRGAIIGYADSVKGRFTISQDNAKNTMYLQMNSLKPEDTAIYYCAADLVGRWSGSCLFRSSGFGYWGQGTQVTVSS,0.5151185949665038
QVKLQASGGGSVQAGGSLRLSCVTSQNLFEYYTMGWYRQVPGSQRERVALINNGGSTVAGSVVGRFTISRDHAKNSVYLQMNYLKPEDSAVYYCRAFGPADYWGQGTQVTVSS,0.23537932283179436
QVQLVESGGGLVQAGDSLRLSCAASGRTFSGYAMGWFRQAPGKEREFVARVNWSGTLTYYADSVKGRFTGSRDNAKNTVYLQMNSLKPEDTAVYYCAQRGDSGSNYDPSGYSYWGQGTQVTVSS,0.21727322107550248
QVQLVESGGGSVQAGGSLRLSCSASGYTYISGWFRQAPGKEREGVAAIRSSDGTTYYADSVKGRFTISQDNAKNTVYLQMNSLKPEDTAMYYCAATEVAGWPLDIGIYDYRGQGTQVTVSS,0.48886474741988056
EVQLVESGGGLVQPGGSLRLSCAASGSTFSSSSVGWYRQAPGKGLELVSAITSGGSTNTADSVKGRFTISRDNSKNTLYLQMNSLRAEDTAVYYCNVAGRNWVPISRYSPGPYWGQGTLVTVSS,0.36755386565272496
DVQLQASGGGLAQAGGSLRLSCAYSGDTVNDYAMAWFRQAPGKGREFVAAIRARGGGTEYLDSVKGRFTISRDNGENTAYLQMDNLQPDDTALYFCALAMGGYAYRAFERYSVRGQGTQVTVSS,0.3983342386384212
QVQLQESGGGSVQAGGSLRLSCAASGLTFSRHTMGWFRLAPGKECEVVSTITNDGTTNYADSVKGRFTVSQDNAKNTVYLQMNSLKPEDTAEYYCAARGSGYERLSRFCGMDYWGKGTQVTVSS,0.503349628824914
QVQLVESGGALVQPGGSLRLSCAASGFPVSSSTMTWYRQAPGKEREWVAAISSSGSTTTYEDSVKGRFTISRDDARNTVYLQMNSLKPEDTAVYYCNVKDSGSSSSSYDYWGQGTQVTVSS,0.5793952562013399
QVQLVESGGGLVQAGDSLRLSCAASGRTFSGYAMGWFRQAPGKEREFVARINWSGLLTYYADSVKGRFTGSRDNAKNTVYLQMNSLKPEDTAVYYCAQRGDSGSNYDPSGYSYWGQGTQVTVSS,0.23537932283179436
EVQLVESGGGLVQPGGSLRLSCAASQNIFNIPVMGWYRQAPGKQRELVGTINGEGRTTYADSVKGRFTISRDKAKNTVSLQMDSLKPEDTAVYYCARTQYLRSRMQGQYESWGQGTQVTVSS,0.47933487253304374
EVQLQASGGGLVQAGGSLRLSCAASGFTNERSQNMGWFRQAPGKEREGVACIQSRVVECWYADSVKGRFTISRDNAKNTVYLQMNSLKPEDTAVYYCAAPRAITWHSFVGEHMCDYWGQGTQVTVSS,0.26199529241354336
DVQLQASGGGLVQAEGSLRLSCAASGSTFGIKHHGWYRRAPGNQREWVAGISSENITNVAEAVKGRFTISRDNAKNTVYLQMNSLKVEDTAVYYCYAQDNNYRFLHRFWGQGTQVTVSL,0.1086366105377512
QVQLQESGGGSVQAGGSLRLSCAASKVTASRYCMGWFRQAPGKEREGVARVWPGGGRTYYAESVKGRFTISQDNAKNTVYLQMNSLKPEDTAMYYCAATPAEYYSGGYYCGGAPREYDYWGQGTQVTVSS,0.3983342386384212
EVQLVESGGGSVQAGGSLRLSCAVSGYTYSSYSIGWFRQAPGKEREGVAAINSGGSTNYAGSVEGRGFISQDNAKNTVSLLMNSLKPEDTATYYCAVGAFFTLRPTLYNYWGQGTQVTVSS,0.19916711931921058
QVKLQASGGGLVQAGDSLRLSCAASGRTLVIYAIAWFRQAPGKEREFVSAVRSTGSDTYYANSVKGRFTISRDNSRNNVYLQMDSLQPEDTAVYYCAAGRGQRLGYSRRQNDYDFWGQGTQVTVSS,0.3802281368821293
QVQLQESGGGSVQAGGSLRLSCTASEFTTKYMAWFRQAPGKERELVAVIYTITSGANYGDSVKGRFTIYRDNENNTVHLEMNNLKPEDTAMYICAASTYWGAALRETAYNSWGRGTQVTVSS,0.2715915263443781
QVQLQESGGGLVQAGGSLRLSCAASGSIGSINFIFWYRQAPGKQREFVARISRSGRSDYVESVKGRFTISRDNAKNTVYLQMNNLKSEDTAVYYCALGNNWGQGTQVTVSS,0.4526525439072968
EVQLVESGGGLVQPGGSLRLSCAGPGFLLRSNTMGWYRQAPGKERELVAFIRPSGLTNYNDAVQGRFTISRDNSKNTLYLQMNSLRAEDTAVYYCHTRPPFQRDSWGQGTLVTVSS,0.4019554589896796
DVQLVESGGGLVQAGDSLRLSCAASGRTLSIYATGWFRQAPGKEREFVSAIRSTGSDTYYANSVKGRFTIARDNAKNMVYLQMNSLKPEDTAVYYCAAGRGQRLGYSRRQNDYDFWGQGTQVTVSS,0.5250769509324643
EVQLQASGGGLVQAGGSLRLSCAASGRTDSTQHMAWFRQAPGKEREFVTAIQWRGGGTSYTDSVKGRFTISRDNAKNTVYLEMNSLKPEDTAVYYCATNTRWTYFSPTVPDRYDYWGQGTQVTVSS,0.34401593336954556
EVQLVESGGGLVQAGDSLRLSCTASGRTFSRAVMGWFRQAPGKEREFVAAISAASGTAYYAFYADSVRGRFSISADSAKNTVYLQMNSLKPEDTAVYYCAADLKMQVAAYMNQRSVDYWGQGTQVTVSS,0.7242440702516749
QVKLEESGGGLVQAGGSLRLSCAASGRTYSTYAMGWFRQTPGKERELVAAINWSGGNTHYADSVKGRFTISRDNAKSTVYLQMNSLKPEDTAVYYCAAPKGHTGDHYWGPGTQVTVSS,0.41644034039471306
EVQLEESGGGLVQPGGSLRYSCAASGFAFSGYAMGWFRQAPGKEREFVAGISRTDNYRPYADSVKGRFAISRDNAQNMVYYLQMNSLKPEDTAVYYCAADRLGVPTPNSADYQYWGQGTQVIVSS,0.3802281368821293
QVKLEESGGGLVQAGGSLRLSCAASERTFSRYPVAWFRQAPGAEREFVAVISSTGTSTYYADSVKGRFTISRDNAKVTVYLQMNNLKREDTAVYFCAVNSQRTWLQDPNEYDYWGQGTQVTVSS,0.6210392902408112
EVQLQASGGGLVQPGGSLRLSCAASGFSISSATMSWVRQAPGKGLEWVSTVQDGAGIISSADSAKARFTISRDSAKNTLYLQMNSLKPEDTAVYYCRTVVFGRILRGQGTQVTVSS,0.23537932283179436
QVKLEESGGGLVQAGGSLRLSCAASERTFSRYPVAWFRQAPGAEREFVAVISSTGTSTYYADSVKGRFTISRDNAKVTVYLQMNNLKREDTAVYFCAVNSQRTRLWDPNEYDYWGQGTQVTVSS,0.6644939344559118
QVQLQESGGGSVQAGGSLRLTCLASGDTTSVDYLGWFRQAPGKKREAVAGLYLEHSRSGLREFYEDDVEGRFTIFQHGARKMVHLQMTNLKPEDSATYYCAAKGESGYWSWRHTIEYWGQGTQVTVSS,0.30870903494477636
EVQLVESGGGLVQAGDSLRLSCTAIGRTFSRAVMGWFRQAPGKEREFVAAISAAPGTAYYAFYADSVRGRFSISADSAKNTVYLQMNSLKPEDTAVYYCAADLKMQVAAYMNQRSVDYWGQGTQVTVSS,0.7604562737642586
EVQLQASGGGLAQAGGSLQLSCAAPGRPVRTYTMGWFRQAPGKEREFVAANNWRGTRYAGSVRGRESISRDNSKNTVYLQMNSLKPEDTAVYYCACAVTADLLLSGNYFRGQDYDYWGQGTQVTVSS,0.3078037298569618
EVQLVESGGGSVQAGGSLRLSCTASEFTTKYMAWFRQAPGKERELVAVIYTITSGANYGDSVKGRFTIYRDNENNTVHLEMNNLKPEDTAMYICAASTYWGAALRETAYNSWGRGTQVTVSS,0.34401593336954556
QVQLQESGGGLVQAGGSLRLSCASSGSILSMNVMGWYRQAPGKQREMVAQITRIGDTNYSSSMKGRFTISRDNADNTLYLQMNRLEPEDTAVYFCANNNRSTYYYYWGQGTQVTVSS,0.2715915263443781
QVQLQESGGGSVQAGGSLKLSCDASTYTYGGKCMGWFRQAPGKEREFVAFIESDGRTSYADSVKGRFTISQDDAKNTVYLQMNSLKREDTSMYYCKTAAGAFCGTRSYGFWGQGTQVTVSS,0.21727322107550248
EVQLQASGGGLVQPGGSLRLACQYSGRTFSRAVMGWERQSPGKEREFVAAISAAPGTAYYAFYADSVRGRETTSSDNFKKTAYLQMNGLKPEDTALYYCTEDLKMQVAAYMNQRSVDYWSQGTQVTVSS,0.4526525439072968
QVQLVESGGALVQPGGSLRLSCAASGFPVNRYSMRWYRQAPGKEREWVAGMSSAGDRSSYEDSVKGRFTISRDDARNTVYLQMNSLKPEDTAVYYCNVNVGFEYWGQGTQVTVSS,0.4798116965417346
DVQLQASGGGLVQDGGSLRLSCAASGLGFRIHSMGWYRQAPGKARDLVAVITDSGQTNYAPSVKGRFTISRESAGNTVYLQMNSLKPDDTAVYYCAVTTWDPHSYWGQGTQVTVSS,0.3983342386384212
GSQVQLQESGGGSVQAGGSLRLSCAASGPTYSSYFMAWFRQAPGMEREGVAASSYDGSTTLYADSVKGRFTISQGNAKNTKFLLLNNLEPEDTAIYYCALRRRGWSNTSGWKQPGWYDYWGQGTQVTVSS,0.11950027159152637
DVQLQASGGGLVQAGGSLRLSCAVSDNTTSLNGMGYYRGPPGKQREFVAYARNNGAPKYADSVMGRFTISYDNSKATVYLQMNNLGPEDTALYYCYAPDRWHTYWAGGTQVTVSS,0.0
MAEVQLVESGGGSVQAGGSLRLSCVTSQNLFEYYTMGWYRQVPGSQRERVALINNGGSTVAGSVEGRFTISRDHAKNSVYLQMNYLKPEDSAVYYCRAFGPADYWGQGTQVTVSS,0.48886474741988056
QVQLQESGGGSVQAGGSLRLSCVVSGYTYSAYYLAWFRQAPGKEREGVACIHSGSGSTYYADSAKGRFTISQDAKNTVYLQMNSLKREDTAIYYCAADYRFSYASACRHEYKYWGQGTQVTVSS,0.5239905848270867
QVKLQASGGGLVQAGGSLRLSCAASGGAFSSYSMAWVRQVPGKEREFVAAISTGGAVTKYADSVKGRFTISRDNPKNTVSLQMNSLKTEDTAVYYCAGRRGTGRRWNDGYNYWGQGTQVTVSS,0.2534854245880862
QVQLVESGGGSVQAGGSLTLSCLVYGHSIVSSTMGWERTAPGQDCKWVSTFRSDGVKTYADSVEGRFAIDKDNAKNSIFLQMNDLKPEDTAVYYCAIIGASVGLWGQGTQVTVSS,0.4526525439072968
EVQLQASGGGLVQDGGSLRLSCAVAGRPLSDYGVGWFRQASGKEREFVAVISGCGIVTDYANSVKGRFTISRDVAKNVVHLQMNSLKPEDTAVYYCAALTNPVYAASRNSNDYGYWGQGTQVTVSS,0.561289154445048
QVQLQESGGGSVQAGGSLRLSCAFSGFTYSTFYISWFRQAPGKEREVVASIYRPSSSTYYTNSAKGRFTISQDNVENTVYLQMNSLKPEDTAMYYCAARWRSGKSYDYWGQGTQVTVSS,0.3340575774035851
EVQLQASGGGLVEPGGSLRLSCAVSGINFNINHWGWYRQAPGKQREWVATIAIGGATDYADSLKGRFTISRDNMKNTVYLQMNSLRPEDTAVYYCNGVGSKWSVRWGQGTQVTVSS,0.34401593336954556
EVQLQASGGGLVQPGGSLRLSCAASGSAVSIGFMAWYRQAPGKQRELVARISSSGLPDYADTVKGRFTISRDNTRKTVSLQMNSLNPDDTAVYYCNARLYDGSSAWGQGTQVTVSS,0.43273583197537585
QVQLVESGGGLVQPGGSLRLSCAASGYTYISGWFRQAPGQGLEAVAAIRSSDGTTYYADSVKGRFTISRDNSKNTLYLQMNSLRAEDTAVYYCAATEVAGWPLDIGIYDYWGQGTLVTVSS,0.3693644758283542
EVQLQASGGGLVQAGGSLRLSCAASGFTNERSQNMGWFRQAPGKEREGVACISSRVVECWYADSVKGRFTISRDNAKNTVYLQMNSLKPEDTAVYYCAAPRAITGTSFVGEHMCDYWGQGTQVTVSS,0.006880318667390972
QVQLVESGGGLVQPGGSLRLSCAASGSTFSSSSVGWYRQAPGQQRELVAAITSGGSTNTADSVKGRFTISRDNAKNTVYLQMNSLRAEDTAVYYCNVAGRNWVPISRYSPGPYWGQGTLVTVSS,0.4961071881223974
EVQLQASGGGSVQAGGSLRLSCVASQNLFEYYTMGWYRQVPGSQRERVALINNGDSNVAGSVEGRFTISRDNAKNSIYLQMNNLKPEDSAVYYCRAFGPADYWGQGTQVTVSS,0.19916711931921058
EVQLVESGGGLVQAGDSLRLSCTASGREGTTTVGWFRQAPGKEREFVAAIRWTDSRTPHTDSRFSISADSAKNTVYLQMNSLKPEDTAVYYCAADTWNSVVTGTAADWGQGTQVTVSS,0.0905305087814594
QVQLVESGGGLVQPGGSLRLSCAASGGSEYSYSTFSLGWFRQAPGQEREWVAATASMGGLTYYADSVKGRFTISRDNSKNTLYLQMNSLRAEDTAVYYCAAVRGYFMRLPSSHNFRYWGQGTLVTVSS,0.5250769509324643
QVQLQESGGGLVQAGGSLRLSCAASGLTFSTYDMGWYRQAPGKEREFVAAIDYSGGSTYYADSVKGRFTISRDNARNTVYLQMNSLEPEDTAIYYCADFFNNQSSTTVYYWGQGTQVTVSS,0.570342205323194
QVQLQESGGGSVQTGGSLTLSCLASENSFSVVRMAWFRKAPGKECELVSSITNDSDVTWYMRSVKGRFTISRDNTKKTLYLQMNSLQPEDTATYYCMGYPYSNEVGCRGQGTQVTVSS,0.5078761542639869
QVQLQESGGGSVQGGGSLRLSCAASGDTFSRKIMAWFRQAPDKEREGLATIDPDGTMKSYADSARGRFTISRDNAKSAVYLQMNSLKPEDTAVYYCATKLTWYGAYQSWGQGTQVTVSS,0.280644577222524
QVQLVESGGGLVQPGGSLRLSCAASGGSEYSYSTFSLGWFRQAPGQGLEAVAAIASMGGLTYYADSVKGRFTISRDNSKNTLYLQMNSLRAEDTAVYYCAAVRGYFMRLPSSHNFRYWGQGTLVTVSS,0.5558573239181606
MEVQLEESGGGLVQPGGSLRLSCAASGFNIKDTYIGWVRQAPGKGEEWVASIYPTSGYTRYADSVKGRFTISADTSKNTAYLQMNSLRAEDTAVYYCAAGSVVADLSVEEFDYWGQGTLVTVSSDHHHHHHH,0.6699257649827992
QVQLQESGGGSVQPGGSLRLSCAASGHTFSNLDMGWYRQAPGKKREFVAVSRWRDGSTFYADSVRGRFTISRDNAKNTVYLQMNSLEPEDTAVYYCDDDDGGGGKRTVYYYWGQGTQVTVSS,0.26797030599311966
EVQLVESGGGLVQAGDSLRLSCTASGRTFSRAVMGWFRQAPGKEREFVAAISAAPGTAYYAFYADSVRGRFSISADSAKNTVYLQMNSLKPEDTAVYYCAADLKMQVAAYTNQRSVDYWGQGTQVTVSS,0.5975013579576318
EVQLQASGGGLVQPGGSLRLSCTASGSIFSINAMGWYRQTPRKERELVAAISEGGSTKYGDSVKGRFTISRDFAKNTQMVYLQMNSLKREDTAVYYCKAQTEGPIADWGTSQYEYWGQGTQVTVS,0.34401593336954556
EVQLQASGGGLVQAGGSLRLSCAASGRTLSTGVMGWFRQLPGKEREFVARITWIAGSSLYADSVKGRFTISRDNTNNTVYLQMNALKPEDTAVYYCAANLAGNSWPYKTPMDYDSWGQGTQVTVSS,0.34401593336954556
QVQLVESGGGSVQAGGSLRLSCAASGDTYGSYWMGWFRQAPGKEREGVAAINRGGGYTVYADSVKGRFTISRDTAKNTVYLQMNSLRPDDTADYYCAASGVLGGLHEDWFNYWGQGTQVTVSS,0.48886474741988056
EVQLVESGGGLVQAGDSLRLSCTASGRTFSRAVMGWFRQAPGKEREFVAAISAAPGTAYYAFYADSVRGRFSISADSAKNTVYLQMNSLKPEDTAVYACAADLKMQVAAYMNQRSVDYWGQGTQVTVSS,0.5793952562013399
DVQLQASGGGLVQAGGSLRLSCAASARTFYTMGWFRQVLGKDREFVGAIRWGVYATTRYADSVKGRFSISRDDATNTVALQMNSLKPEDTAVYYCAARAGPLGFELSATSSAEYDYWGQGTQVTVSSAAAGAGGSGGAPASNRCSQGSCWN,0.4526525439072968
QVQLVESGGSLVQPGGSLRLSAAASGRFAESSSMGWFRQAPGKEREFVAAISWSGGATNYADSAKGRFTLSRDNTKNTVYLQMNSLKPDDTAVYYAAANLGNYISSNQRLYGYWGQGTQVTVSS,0.07278652906029343
EVQLVESGGGLVQAGDSLRLSCTASGRTFSRAVMGWFRQAPGKEREFVAAISAAPGTAYYAFYADSVRGAFSISADSAKNTVYLQMNSLKPEDTAVYYCAADLKMQVAAYMNQRSVDYWGQGTQVTVSS,0.561289154445048
DVQLQASGGGLVQGGDSLRLSCAASGRALSDYGVAWFRQAPGKEREFVSVIGRSTIITDYANSVKGRFTISRDNAKNAVYLDMNSLKPEDTAVYYCAVITNPYYATSRNSDDYGYWGQGTQVTVSS,0.3983342386384212
EVQLVESGGGLVQAGGSLTLSCAASGRLLGIYALGWHRQAPGKERELVANITSAHSAHYAESVEGRFTISRDNAKNTVSLHMNSLKPEDTAVYYCDARNPITGRAYWGLGTQVTVSS,0.49110323809523815
DVQLVESGGGSVQAGESLRLSCAASGVTYKNYCIGWFRQAPGKDREGVVFINSDGGITYYADSVKGRFTISQDNAKNTVYLQMNSLKPEDTASYYCAAGYRNYGQCFTRYWGQGTQVTVSS,0.7007061379684955
MAQVQLVESGGALVQPGGSLRLSCAASGFPVNRYSMRWYRQAPGKEREWVAGMSSAGDRSSYEDSVKGRFTISRDDARNTVYLQMNSLKPEDTAVYYCNVNVGFEYWGQGTQVTVSSLEHHHHHH,0.07061379684953828
DVQLVESGGGLVQPGGSLRLTCAASGLIFGSYAMGWFRQAPGKAREFVCAISWSGGDTYADSVKGRFTCSRDNAKNTVYLQMNSLEPEDTAVYSCAAVGSKYYISKDAKDYGYWGQGTQVTVSS,0.706137968495383
DVQLQESGGGSVQAGGSLRLSCAASGFPFSNYVMGWFRQAPGKEREGVATISRLGMFTEYADSVQGRFIISRDNAQNMVFLQMNNLTPEDTAIYYCAAVSTSSSDPRPRLPSQEYTYWGQGTQVTVSS,0.47075864566358866
EVQLQASGGGLVQTGGSLRLACAGSGRSFNNYGMGWFRQAPGKERQFVAAISGNDHTTHYSDSVKGRFTISRDNAKTTVYLQMNSLKPEDTAVYYCAADRLGSFFFPRASPSDYGYWGQGTQVTVS,0.34401593336954556
QLQLVESGGGLVQAGDSLRLSCAASGRTFSDYAMGWFRQAPGKELEFVARVIWSGLLTYYADSVKGRFTASRDNAKSTVYLQMNSLKPEDTAVYYCAQRGDSGSNFDPSGYRYWGQGTQVTVSS,0.3983342386384212
DVQLQASGGGLAQAGGSLRLSCAYSGDTYNDYAMAWFRQAPGKGREFVAAIRARGGGTEYLDSVKGRFTISRDNGENTAYLQMDNLQPDDTALYFCALAMGGYAYRAFERYSVWGQGTQVTVSS,0.48886474741988056
DVQLQESGGGSVQAGGSLRLSCAASPYFSLRSIVAWFRQAPGKEREGVATIFTSTGSTYYADSVKGRFTISQDNANTVSLQMNSLEPEDAAMYYCAIEGRPMIGGPSASMGSPNSYTYWGQGTQVTVSS,0.47075864566358866
EVQLQASGGGLVQAGGSLRLSCAASGRTFSTYIMGWWFRQAPGKEREFVAVKWNSGLVAYVDSVKGRFTISRDSAKNTIYLQMNSLNPEDTAVYYCAAKSQFDDGDYYSPLTYGYWGQGTQVTVSS,0.48886474741988056
EVQLQASGGGLAQAGDSLRLSCAASIRTFGSYAMGWFRQAPGKEREFVAAISWSGGDTYADSAKGRFTISRDNAKNMMYLQMNSLAPEDTAVYFCAIVEAKYYISKDARDYGYWGQGTQVFVSS,0.36212203512583746
DVQLQESGGGSVQAGGSLRLSCAASGFPFSNYLMGWFRQAPGKEREGVATISRLGMFTEYADSVQGRFIISRDNAQNMVFLQMNNLTPEDTAIYYCAAVSTSSSDRRPRLPSQEYTYWGQGTQVTVSS,0.561289154445048
DVQLQASGGGLAQDGGSLRLSCAYSGQTVNDYAMAWFRQAPGKEREFVAAIRARGGGTEYLDSVKGRFTISRDNGENTAYLQMDNLQPDDTALYFCALAMGGYAYRAFERYSVWGQGTQVTVSS,0.34401593336954556
DVQLVESGGGSVQAGGSLRLSCAVSGSTYSPCTTGWYRQAPGKEREWVCSISSPGTIYYQDSVKGRFTCSRDNAKNTVYLQMNSLQREDTGMYYCQIQCGVRSIREYWGQGTQVTVSS,0.850986782545718
DVQLQESGGGLVQPGGSLRLSCAASGFLFSDTYMTWARQAPGKGLEWLGGISKDGSGTLYEDSVEGRFTISRDNAKNTLYLQMNSLKSEDTALYYCSTGALLPTRPQGQGTQVTVSS,0.1539018649284809
DVQLQESGGGSVQAGGSLRLSCAASGFPFSNYLMGWFRQAPGKEREGVATISRLGMFTEYADSVQGRFIISRDNAQNMVFLQMNNLTPEDTAIYYCAAVSTSSSDGRPRLPSQEYTYWGQGTQVTVSS,0.48886474741988056
DVQLQASGGGLVQVGGSLRLSCAASGSTFRIGYMGWYRQAPGKPRELVARISSGGTTDYLDFVKDRFTISRDNAKNTVYLQMSSLKPEDTAVYYCNVVNYRANEYWGQGTQVTVSS,0.280644577222524
MEVQLEESGGGLVQPGGSLRLSCAASGFNIKDTYIGWVRQAPGKGEEWVASIYPTSGYTRYADSVKGRFTISADTSKNTAYLQMNSLRAEDTAVYYCAAGSIQKSLQTAESILEEFDYWGQGTLVTVSSDHHHHHHH,0.7151910193735289
EVQLQASGGGLVQSGGSLRLSCAGSGGTESSYRMAWFRQAPGTERVFVARVSDGGGSILYADSAKGRFTISRDNGKNTIHLQMFSLKPEDTAVYFCAAAFSWMPPSTVAADYEYWGQGTQVTVSS,0.144848814050335
QVKLEESGGGLVQAGGSLRLSCAASERTFSRYPVAWFRQAPGAEREFVAVISSTGTSTYYADSVKGRFTISRDNAKVTVYLQMNNLKREDTAVYFCAVNSQRMRLQDPNEYDYWGQGTQVTVSS,0.6228499004164405
EVQLVQSGGGSVQAGGSLRLSCAHSSITVPDYTIGWFRRAPGKGGEEVSLISMHGGRSWYAGSVKGRFAISRDSVKNTVYLQMNNLKPEDTDIYYCGGTTFGLAAAPNEYDSWGQGSQVTVSS,0.28969762810066996
EVQLGESGGGSVQAGGSLRLSCAASGYMYSTYSTYCMGWFRQAPGKEREGVAFIKRGDHSTYYTDSVKGRFTISQDSAKNTVSLQMNNLKPEDTAIYYCAADFAHSFLLSVHSGAGQYSYWGQGTQVTVSS,0.5902589172551149
EVQLQASGGGLVEPGGSLRLSCAVSGINFNINHWGWYRQAPGKQREWVATIAIGGATDYADSLKGRFTISRDNMKNTVYLQMSSLRPEDTAVFYCNGVGSKWSDRWGQGTQVTVSS,0.3259098316132537
QVQLVESGGGSVQAGGSLRLSCTASGGSEYSYSTFSLGWFRQAPGQGLEAVAAIASMGGLTYYADSVKGRFTISRDNAKNTVTLQMNNLKPEDTAIYYCAAVRGYFMRLPSSHNFRYWGQGTQVTVSS,0.6626833242802824
QVQLVESGGGLVQAGGSLRLSCAVSGAGAHRVGWFRRAPGKEREFVAAIGASGGMTNYLDSVKGRFTISRDNAKNTIYLQMNSLKPQDTAVYYCAARDIETAEYIYWGQGTQVTVSS,0.5214557305812059
EVQLQASGGGLVQPGGSLRLACQYSGREGTTTVGWFRQSPGKEREFVAAIRWTDSRTPHTDSRFTTSSDNFKKTAYLDMNGLKPEDTALYYCTEDTWNSYYTGTAADWSQGTQVTVSS,0.1267427122940431
EVQLVESGGGLVQPGGSLRLSCVGSGSISSFNGMGWYRQAPGKEREFVCFISSGGRSKYTDSVKGRFTCSGDNAKSTVYLQMINLKPEDTAVYYCNVGSVLSYVTGNYYEPSDYWGQGTQVTVSS,0.5793952562013399
EVQLQESGGGSVQAGGSLRLSCVTSQNLFEYYTMGWYRQVPGSQRERVALINNGGSTVAGSVEGRFTISRDHAKNSVYLQMNYLKPEDSAVYYCRAFGPADYWGQGTQVTVSS,0.3078037298569618
DVQLVESGGGSVQAGGSLRLSCAVSGSTYSPRTTGWYRQAPGKEREWVSSISSPGTIYYQDSVKGRFTISRDNAKNTVYLQMNSLQREDTGMYYCQIQEGVRSIREYWGQGTQVTVSS,0.2534854245880862
QVQLQESGGGSVQAGGSLRLSCAVSGYTYSRNCIGWFRQAPGKEREGVAALYTGGGSTYYAASVKGRFTISQDTKNTVYLQMNSLKPEDSAMYYCAANPFGLYTCGDLRGPDFGYWGQGTQVTVSS,0.5060655440883579
QVQLVESGGGLVQPGGTLRLSCAASGFTLDYYAIGWFRQAPGKEREGVSCISGSGGITNYTDSVKGRFTISRDNAKNTVYLQMNSLKPEDTAVYYCAPVSHTVVAGCAFEAWTDFGSWGQGTQVTVSS,0.5498823103385843
QVKLEESGGGLVQAGDSLRVSCAASGRDFSDYVMGWFRQAPGKEREFVAAISRNGLTTRYADSVKGRFTISRDNDKNMVYLQMNSLKPEDTAVYYCAVNSAGTYVSPRSREYDYWGQGTQVTVSS,0.3259098316132537
QVKLEESGGGLVQAGGSLRLSCAASERTFSRYPVAWFRQAPGAEREFVCVISSTGTSTYYADSVKGRFTCSRDNAKVTVYLQMNNLKREDTAVYFCAVNSQRTRLQDPNEYDYWGQGTQVTVSS,0.7658881042911461
EVQLVESGGGLVQAGDSLRLSCTASGRTFSRAVMGWFRQAPGKEREFVAAISAAPGTAYYAFYADSVRGRFSISADSAKNTVYLQMNSLKPEDTAVYYCAADLKMQVAAYANQRSVDYWGQGTQVTVSS,0.5975013579576318
QVQLVESGGGLVQAGGSLRLSCAASIRSFSNRNMGWFRQPPGKEREFVCGISWGGGSTRYADSVKGRFTCSRDNAKKTVYLQMNSLKPEDTAVYYCAAEFGHNIATSSDEYDYWGQGTQVTVSS,0.6717363751584284
DVQLQASGGGLVQAGGSLVLSCTASGRSYSSLAMGWLRQVPGKERELVGSISLSGGRTYYADSMKGRFTISKDNAKNTVYALQMNSLRPEDTAVYYCAARDAARDYAPLNFDTWGQGTQVTVSS,0.3802281368821293
EVQLVESGGGSVQAGGSLRLTCLASGDTTSVDYLGWFRQAPGKKREAVAGLYLEHSRSGLREFYEDDVEGRFTIFQHGARKMVHLQMTNLKPEDSATYYCAAKGESGYWSWRHTIEYWGQGTQVTVSS,0.19916711931921058
EVQLVESGGGLVQAGDSLRLSCTASGRTFSRAVMGWFRQAPGKEREFVAAISAAPGTAPYAFYADSVRGRFSISADSAKNTVYLQMNSLKPEDTAVYYCAADLKMQVAAYMNQRSVDYWGQGTQVTVSS,0.7423501720079667
DVQLQASGGGLVQAGGSLRISCAASGGALSDYNMGWFRQAPGKEREFVAVVTWSGGSTRYADSVNGRFTISRDNAKNTVYLQMNSLKPEDTAVYYCAAAPLTPFQSLGDMKAYNYWGQGTQVTVSS,0.4345464421510049
QVQLQESGGGSVQAGGSLRLSCTASGFTFDDFDMGWYHQSPGNECELVSAISADGSTYYTNSVKGRFTISRDYAKNTVYLQMNNLKPEDTAMYYCAADRWALRRTTACTGAYSGYVVWGQGTQVTVSS,0.5468042730400146
QVQLQESGGGSVQAGGSLRLSCVASGYTYSNLVMAWFRQAPGKEREGVAAITAYGSMTYYADSVKGRFTIARDAKNTVYLQMNSLKSEDTAIYYCAARDYWSSSGSWYNGGTYNIWGQGTQVTVSS,0.5576679340937896
QVKLEESGGGLVQAGGSLRLSCAASERTFSRYPVAWFRQAPGAEREFVAVISSTGTSTYYADSVKGRFTISRDNAKVTVYLQMNNLKREDTAVYFCAVNSQRTRLQDPNQYDYWGQGTQVTVSS,0.6355241716458446
DVQLQASGGGLVQPGGSLRLACAHSGREGTTTVGWFRQAPGKEREFVAALRWTDGRISYANSVKGRFTTSSDNWKKTVYLQMNGLKPEDSALYYCAEDSWYPVVTGTAAYWSQGTQVTVSS,0.41644034039471306
QVQLQESGGGSVQAGGSLRLFCAASGYTYSPYCMGWFRQAPGKEREAIAILGSGGITTYYAESVKGRFIISPGNAKNTVSLQMVNLKPEDTAIYYCAAGSTIRGGYCDWDAYGYDYWGPGTQVTVSS,0.7740358500814775
MAEVQLVESGGGSVQAGDSLRLSCVTSQNLFEYYTMGWYRQVPGSQRERVALINNGGSTVAGSVEGRFTISRDHAKNSVYLQMNYLQPEDSAVYYCRAFGPADYWGQGTQVTVSS,0.4345464421510049
QLQLVESGGGLVQAGGSLRLSCAASGRTFSSATMGWFRQAPGKEREFVAAISWSGLSRYYADSVKGRFTISRDNAENTVYLQMNSLKTEDTAVYYCAADSWGCSGLGCYDARQYDVWGQGTQVTVSS,1.0
QVQLVESGGGFVQAGGSLRLSCAASGRTFDNYVMAWFRQAPGKEREFVASISGSGSITNYANSVKDRFTISRDSAKNAIYLQMNSLKPEDTALYYCAAGSRRTYYREPKFYPSWGQGTQVTVSS,0.6663045446315409
QVQLVESGGSLVQPGGSLRLSAAASGRFAESSSMGWFRQAPGKEREFVAAISWSGGATNYADSAKGRFTLSRDNTKNTVYLQMNSLKPDDTAVYYCAANLGNYISSNQRLYGYWGQGTQVTVSS,0.07695093246424045
DVQLQASGGGLVQAGGSLRLSCAASSGTFSSYTMGWFRQAPGKERELVARLSQSLTTLYADSVKGRFTISRDNAENTVYLQNNSLKPEDTGVYYCAAHPGTYGSAWLISPHDYAYWGQGTQVTVSS,0.19916711931921058
EVQLQASGGGLVRAGGTLRLTCDATTPTFGSYAMGWFRQAPGKEREFVSAISWSGGDTYADSVKGRFTISRDNTRNRVYLQMNDLEPDDTAIYTCARTTARYYISKDAKDYDYWGQGTQVTVSS,0.4073872895165671
EVKLQASGGGSVQAGGSLRLSCVTSQNLFEYYTMGWYRQVPGSQRERVALINNGGSTVAGSVEGRFTISRDHAKNSVYLQMNYLKPEDSAVYYCRAFGPADYWGQGTQVTVSS,0.28969762810066996
QVQLQESGGGSVQAGGSLRLSCAASGSTDTTNYIGWFRQVPGKEREGVATISTRGGVSTYYTDSVKGRFTISRDNAKNTVYLQMNRLKPEDTAMYYCAASGGRYIDAFSSNYFNYWGQGTQVTVSS,0.5350353068984248
QVKLQASGGGLVQPGGSLRLSCAASGRAISAYIMAWFRQVPGKEREFVAGTHWNARSTYYDDSAEGRFTISRDNAKNTVYLEMNSLKPEDTAVYFCAQDQSPYGTSLSLRGSKYWGQGTQVTVSS,0.2715915263443781
QVQLVESGGGLVQPGGSLRLSCAASGFTLDDYAIGWFRQVPGKEREGVACVKDGSTYYADSVKGRFTISRDNGAVYLQMNSLKPEDTAVYYCASRPCFLGVPLIDFGSWGQGTQVTVSS,0.48886474741988056
QVKLEESGGGLVQAGGSLRLSCAASERTFSRYPVAWFRQAPGAEREFVAVISSWGTSTYYADSVKGRFTISRDNAKVTVYLQMNNLKREDTAVYFCAVNSQRTRLQDPNEYDYWGQGTQVTVSS,0.561289154445048
EVQLQASGGGLVQGGDSLRLSCAASGRTLSVYGVAWFRQAPGKEREFVSVISRSTIITDYANSVKGRFTISRDNAKNAVYLQMNSLKPEDTAVYYCAVITNPVYATSRNSDDYGYWGQGTQVTVSS,0.21727322107550248
EVQLQASGGGLVQAGGSLRLSCAASGFTNERSQNMGWFRQAPGKEREGVACIQSRVVECWYADSVKGRFTISRDNAKNTVYLQMNSLKPEDTAVYYCAAPRAITGHSAVGEHMCDYWGQGTQVTVSS,0.0014484881405033567
EVQLQASGGGLVQPGGSLRLACQYSGREGTTTVGWFRQSPGKEREFVAAIRWTDSRTPHTDSRFTTSSDNFKKTAYLQMNGLKPEDTALYYCTEDTWNSVVTGTAADWSQGTQVTVSS,0.1086366105377512
EVQLVESGGGLVQPGGSLRLSCAASGFLLRSNTMGWYRQAPGKERELVSFIRPSGLTNYNDAVQGRFTISRDNSKNTLYLQMNSLRAEDTAVYYCHTRPPFQRDSWGQGTLVTVSS,0.33677349266702883
EVQLVESGGGLVQAGDSLRLSCTASGRTFSRAVMGWFRQAPGKEREFVAAISAAPGTAYYAFYADSVRGRFSISADSAKNTVYLQMNSLKPEDTAVYYCAADLKMQIAAYANQRSVDYWGQGTQVTVSS,0.5975013579576318
EVQLVESGGGLVQAGDSLRLSCTASGRTFSRAVMGWFRQAPGKEREFVAAISAAPGTAYYAFYADSVRGRFSISADSAKNTVYLQMNSLKPEDTAVYYCAARLKMQVAAYMNQRSVDYWGQGTQVTVSS,0.5431830526887562
QVKLEESGGGLVQAGGSLRLSCAASERTFSRYPVAWFRQAPGAEREFVAVISSTGTSTYYADSVKGRFTISRDNAKVTVYLQMNNLKREDTAVYFCAVNSQRTRLQYPNEYDYWGQGTQVTVSS,0.550425493391273
QVQLQESGGGSVQAGGSLRLSCAASGYTYGSNSMGWFRQAPGKEREGVATIDRGGGRTLYTDSVKGRFTISQDNAKNTVYLQMNSLKPEDTAMYYCAADDNWRGDGLDPSDFDYWGQGTQVTVSS,0.27068622125656355
DVQLQASGGGLVQAGGSLRLTCAASLHTFGSYAMGWERQAPGKEREFVAAISWSGGDTYSDSVKGRFTISRDNAKNTVYLQMNSLEPEDTAVYSCAAVEARYYISTDAKDYGYWGQGTQVTVSS,0.5051602390005433
QVKLQASGGGSVQAGGSLRLSCVTSQNLFEYYTMGWYRQVPGSQRERVALINNGGSTVAGSVKGRFTISRDHAKNSVYLQMNYLKRADSAVYYCRAFGPADYWGQGTQVTVSS,0.0
QVQLQESGGGSVQAGGSLRLSCAVSGYTYSSYSIGWFRQAPGKEREGVAAINSGGSTNYAGSVEGRGFISQDNAKNTVSLLMNSLKPEDTATYYCAVGAFFTLRPTLYNYWGQGTQVTVSS,0.19916711931921058
QVQLVESGGGLVQAGGSLRLSCAASGRTYTMGWFRQAPGKEREFVAAMRWSDTDYADSLKGRFTISRDNANNAMYLQMNSLGPEDTAVYYCAAGEAWLARSTHHYDYWGQGTQVTVSS,0.5305087814593518
EVQLVESGGGSVQSGGSLRLSCAASGDTFSKRIMAWFRGAPDKEREGLATIDPDGTMKSYADSARGRFTISRDNAKSAVYLQMNSLKPEDTAVYYCATKLTWYGAYQSWGQGTQVTVSS,0.23537932283179436
EVQLQASGGGLVRPGGSLRLACQYSGREGTTTVGWIRQSPGKEREFVAAIRWTDSRTSHTDSRFTTSSDNFKKTAYLQMNGLKPEDTALYYCTEDTWNSVVTGTAAGWSQGTQVTVSS,0.19916711931921058
DVQLQASGGGLVEAGGSLRLSCTTSGISVRNSDMGWYRQGPGKQRELIARSSRGGATNYLDSVTGRFTISRDNIKNTVFLQMNSLKPEDTAVYYCNTNPINHWNYWGQGTQVTVSS,0.3078037298569618
EVQLVESGGGLVQPGGSLRLSCAASGRTFIAYAMGWFRQAPGKEREFVSAITNFAGGTTYYADSVKGRFTISRDNSKNTLYLQMNSLRAEDTAVYYCAADRSAQTMRQVRPVLPYWGQGTLVTVSS,0.425493391272859
QVQLVESGGGSVQAGGSLRLSCTASGGSEYSYSTFSLGWFRQAPGQEREAVCAIASMGGLTYYADSVKGRFTCSRDNAKNTVTLQMNNLKPEDTAIYYCAAVRGYFMRLPSSHNFRYWGQGTQVTVSS,0.7966684772768424
QVQLVESGGGLVQAGGSLRLSCATSGGTFSDYGMGWFRQAPGKEREFVAAIRRNGNGGNGIEYADSVKGRFTISRDNAKNTVHLQMNSLTPEDTAVYYCAASISGYAYNTIERYNYWGQGTQVTVSS,0.561289154445048
EVQLQASGGGLVQPGGSLRLSCVASGGIFRISTLEWYRQAPGKQREVVAQITAGGSTHHADSVKGRFTISRDDAKDTVYLQMNSLKPEDTAVYVCSAYGNLRRYWGQGTQVTVSS,0.3802281368821293
EVQLVESGGGLVQAGDSLRLSCTASGRTFSRAVMGWFRQAPGKEREFVAAIRWTDSRTPHTDSRFSISADSAKNTVYLQMNSLKPEDTAVYYCAADLKMQVAAYMNQRSVDYWGQGTQVTVSS,0.41644034039471306
QVQLQESGGGLVQGGGSLRLSCAASGDTFSRKIMAWFRQAPDKQREGLATIDPDGTMASYADSARGRFTISRDNAKSAVYLQMNSLRPEDTAVYYCATKLTWYGAYQSWGQGTQVTVSS,0.18106101756291873
EVQLQASGGGLVQAGDSLRLSCVAVSGRTISTFAMGWFRQAPGKEREFVATINWSGSSARYADPVEGRFTISRDDAKNTVYLEMSSLKPGDSAVYYCASGRYLGGITSYSQGDFAPWGQGTQVTVSS,0.21727322107550248
EVQLQASGGGLVQAGGSLRLSCAASGRAIDSLGMGWFRQAPGKEREFVAVARRSARRTYYADSVKGRFTVSRDNAKNTVYLQMSSLKPEDTAVYYCAADPSVISTDYEDAKEYDYWGQGTQVTVSS,0.3078037298569618
EVQLQASGGGLVQAGGSLRLSCAASGRAGDRNGIAWFRQPPGKEREFLAAISRGGTGTYYADSVKGRFTISRDNAENTVYLQMNSLKPEDTAVYYCAHSRYSFATPRTASDYNYWGRGTQVTVSS,0.41644034039471306
MAEVKLQASGGGSVQAGGSLRLSCVTSQNLFEYYTMGWYRQVPGSQRERVALINNGGSTVAGSVEGRFTISRDHAKNSVYLQMNYLKPEDSAVYYCRAFGPADYWGQGTQVTVSS,0.28969762810066996
EVQLQASGGGLVQPGGSLRLACQYSGREGTTTVGWERQSPGKEREFVAAIRWTDSRTPHTDSRETTSSDNFKKTAYLQMNGLKPEDTALYYCTEDLKMQVAAYMNQRSVDYWSQGTQVTVSS,0.054318305268875655
KVQLVESGGGLVQAGGSLRLACTASGSAFSINTMGWYRRAPGKQRELVASITSSGSTTYADSVKGRFTISRDSAKNTVFLQMNSVKPEDTSVYYCNGEIQRTDYNFWGQGTQVTVSS,0.3720803910917979
DVQLQASGGGLAQAGGSLRLSCAYSGQTVNDYAMAWFRQAPGKGREFVAAIRARGGGTEYLDSVKGRFTISRDNGENTAYLQMDNLQPDDTALYFCALAMGGYAYRAFERYSVWGQGTQVTVSS,0.48886474741988056
QVQLQESGGGSVQAGGSLRLSCAASGWTYSTATMGWYRQAPGKERELVSSIFSDENTYYKDSVKGRFTISRDAAKNTVYLQMNSLKPEDTAMYYCYIRPTTSLANWRWGQGTQVTVSS,0.3784175267065001
QVKLEESGGGLVQAGGSLRLSCRTSGRTNSVYTMGWFRQAPGKEREFVAQIMWGAGTNTHYADSVKGRFTISRDSAESTVYLQMNSLKPEDTAVYYCAANRGIPIAGRQYDYWGQGTQVTVSS,0.561289154445048
