text,label
EVQLQASGGGLVRPGGSLRLSCAASGFTFSSYAMMWVRQAPGKGLEWVSAINGGGGSTSYADSVKGRFTISRDNAKNTLYLQMNSLKPEDTAVYYCAKYQAAVHQEKEDYWGQGTQVTVSS,67.5
EVQLQASGGGLVQAGGSLRLSCAASGRTDSTQHMAWFRQAPGKEREFVTAIQWRGGGTSYTDSVKGRFTISRDNAKNTVYLEMNSLKPEDTAVYYCATNTRWTYFSPTVPDRYDYWGQGTQVTVSS,62.0
EVQLQASGGGLVQAGGSLRLSCAASGRTDSTQHMAWFRQAPGKEREFVTAIQWRGGGTSYTDSVKGRFTISRDNAKNTVYLEMNSLKPEDTAVYYCATNTRWTYFSPTVPDRYDYWGQGTQVTVSSAAAGAGGSGGAPASNRCSQGSCWN,62.0
DVQLQASGGGLVQAGGSLRLSCAASARTFYTMGWFRQVLGKDREFVGAIRWGVYATTRYADSVKGRFSISRDDATNTVALQMNSLKPEDTAVYYCAARAGPLGFELSATSSAEYDYWGQGTQVTVSSAAAGAGGSGGAPASNRCSQGSCWN,68.0
EVQLQASGGGLVQAGDSLRLSCVAVSGRTISTFAMGWFRQAPGKEREFVATINWSGSSARYADPVEGRFTISRDDAKNTVYLEMSSLKPGDSAVYYCASGRYLGGITSYSQGDFAPWGQGTQVTVSS,55.0
MEVQLEESGGGLVQPGGSLRLSCAASGFNIKDTYIGWVRQAPGKGEEWVASIYPTSGYTRYADSVKGRFTISADTSKNTAYLQMNSLRAEDTAVYYCAAGSIQKSLQTAESILEEFDYWGQGTLVTVSSDHHHHHHH,82.5
MEVQLEESGGGLVQPGGSLRLSCAASGFNIKDTYIGWVRQAPGKGEEWVASIYPTSGYTRYADSVKGRFTISADTSKNTAYLQMNSLRAEDTAVYYCAAGSAQAGNAEEAEEEFDYWGQGTLVTVSSDHHHHHHH,80.0
MEVQLQESGGGLVQAGGSLRLSCAASGELYALISMGWFRQAPGKEREFVAAISRNGDNTYYTDSVKGRFTISRDNAKNTVELQMNSLKPEDTAVYYCAADKFASPDGSVTIMTNEYDYWGQGTQVTVSDHHHHHHH,67.5
MEVQLEESGGGLVQPGGSLRLSCAASGFNIKDTYIGWVRQAPGKGEEWVASIYPTSGYTRYADSVKGRFTISADTSKNTAYLQMNSLRAEDTAVYYCAAGSQSGYHFEEFDYWGQGTLVTVSSDHHHHHHH,78.5
MEVQLEESGGGLVQPGGSLRLSCAASGFNIKDTYIGWVRQAPGKGEEWVASIYPTSGYTRYADSVKGRFTISADTSKNTAYLQMNSLRAEDTAVYYCAAGSGSSATEVYEEFDYWGQGTLVTVSSDHHHHHHH,77.5
MEVQLEESGGGLVQPGGSLRLSCAASGFNIKDTYIGWVRQAPGKGEEWVASIYPTSGYTRYADSVKGRFTISADTSKNTAYLQMNSLRAEDTAVYYCAAGSVVADLSVEEFDYWGQGTLVTVSSDHHHHHHH,80.0
QVQLVESGGGLVQAGGSLRLSCAASGFPVQAREMEWYRQAPGKEREWVAAIKSTGTYTAYAYSVKGRFTISRDNAKNTVYLQMNSLKPEDTAVYYCYVYVGSSYIGQGTQVTVSS,54.4
QVQLVESGGGLVQAGGSLRLSCAASGFPVAYKTMWWYRQAPGKEREWVAAIESYGIKWTRYADSVKGRFTISRDNAKNTVYLQMNSLKPEDTAVYYCIVWVGAQYHGQGTQVTVSS,56.5
QVQLVESGGGLVQAGGSLRLSCAASGFPVYRDRMAWYRQAPGKEREWVAAIYSAGQQTRYADSVKGRFTISRDNAKNTVYLQMNSLKPEDTAVYYCNVKDVGHHYEYYDYWGQGTQVTVSS,62.1
QVQLVESGGGSVQAGGSLRLSCAASGSISSITYLGWFRQAPGKEREGVAALITVNGHTYYADSVKGRFTVSLDNAKNTVYLQMNSLKPEDTALYYCAAAAWGYAWPLHQDDYWYWGQGTQVTVSS,78.4
QVQLVESGGGLVQAGGSLRLSCAASGRTYTMGWFRQAPGKEREFVAAMRWSDTDYADSLKGRFTISRDNANNAMYLQMNSLGPEDTAVYYCAAGEAWLARSTHHYDYWGQGTQVTVSS,72.3
QVQLVESGGGLVQPGGSLRLSCAASGLTLDYYAIGWFRQAPGKEREGVSCISHPGGSTNYADSVKGRFTISRDNAKNTVYLQMNSLKPEDTAVYYCAASPLALFRLCVLPSPLPYDYWGQGTQVTVSS,75.44
QVQLVESGGGLVQPGGTLRLSCAASGFTLDYYAIGWFRQAPGKEREGVSCISGSGGITNYTDSVKGRFTISRDNAKNTVYLQMNSLKPEDTAVYYCAPVSHTVVAGCAFEAWTDFGSWGQGTQVTVSS,73.37
QLQLVESGGGLVQAGGSLRLSCAASERTFSGGVMGWFRQRPGKEREFVAAIRWNGASTFYADSVKGRFTCSRDNAKNTGYLQMNSLTPEDTAVYYCARAVRTYASSDYYFQERTYDYWGQGTQVTVSS,78.98
QVQLVESGGGLVQPGGSLRLSCAASGFTSGHYAIGWFRQAPGKEREGVSCIGSSDGSTYYADSVKGRFTISRDNAKNTVYLQMNSLKPEDTAVYYCAAGLWYGRSLNSFDYDYWGQGTQVTVSS,71.26
QLQLVESGGGLVQAGGSLRLSCAASGRTFSSATMGWFRQAPGKEREFVAAISWSGLSRYYADSVKGRFTISRDNAENTVYLQMNSLKTEDTAVYYCAADSWGCSGLGCYDARQYDVWGQGTQVTVSS,98.23
QLQLVESGGGLVQPGGSLRLSCAASGRTFGSFMGWFRQAPGQERDFVAAITWSGGSTYYADSVKGRFTISRDNAENTVYLQMNSLKPEDTAVYYCAARISSAYYTRSSSYAYWGQGTQVTVSS,71.07
QVQLVESGGGLVQAGGSLRLSCAASGIIFGRNAMGWYRQAPGKERELVAGITRRGSITYYADSVKGRFTISRDNAKNTVYLQMNSLKPEDTAVYYCAADPASPAPGDYWGQGTQVTVSS,66.9
QVQLVESGGGLVQAGGSLRLSCAASGYIFGRNAMGWYRQAPGKERELVAGITRRGSITYYADSVKGRFTISRDNAKNTVYLQMNSLKPEDTAVYYCAADPASPAYGDYWGQGTQVTVSS,67.6
QVQLVESGGGLVQAGGSLRLSCAVSGAGAHRVGWFRRAPGKEREFVAAIGASGGMTNYLDSVKGRFTISRDNAKNTIYLQMNSLKPQDTAVYYCAARDIETAEYIYWGQGTQVTVSS,71.8
QVQLVESGGGLVQAGGSLRLSCAVSGLGAHRVGWFRRAPGKEREFVAAIGANGGNTNYLDSVKGRFTISRDNAKNTIYLQMNSLKPQDTAVYYCAARDIETAEYTYWGQGTQVTVSS,72.8
DVQLQESGGGLVQPGGSLRLSCAASGLTLDYYAIGWFRQAPGKEREGVSCISSSDGSTYYADSVKGRFTTSRDNAKNTVYLQMNSLKPEDTAVYYCAAVPSTYYSGTYYYTCHPGGMDYWGKGTQVTVSS,74.4
QVQLVESGGGLVQPGESLRLSCAASGSIFGIYAVHWFRMAPGKEREFTAGFGSHGSTNYAASVKGRFTMSRDNAKNTTYLQMNSLKPADTAVYYCHALIKNELGFLDYWGPGTQVTVSS,57.9
QVQLQESGGGSVQAGGSLKLSCAASGGAYRNACMGFRQAPGKEREGAIINSVDTTYYADPVKGRFTISRDNAKSTVYLLMNSLKPEDTAIYYCAQVARVVCPGDKLGASGYNYWGQGTQVTVSS,57.9
GSQVQLQESGGGSVQAGGSLRLSCAASGPTYSSYFMAWFRQAPGMEREGVAASSYDGSTTLYADSVKGRFTISQGNAKNTKFLLLNNLEPEDTAIYYCALRRRGWSNTSGWKQPGWYDYWGQGTQVTVSS,49.6
QVQLQESGGGSVQAGGSLRLSCAASGNTHITLAFRQAPGKEREGVFIYTSTGYTYYSDSVKGRFTISQDNAKNTVYLQMDNLKPEDAGMYYCAAGRTRSVRPGGRIDPGAFDYWGQGTQVTVSS,75.6
QVQLQESGGGSVQAGGSLRLSCESSGMTFSVYNLGLRQAPGQECELSTITRDGSTDYADSMKGRFTISRDNAKNTMYLQMTSLKPDDTAVYYCAAGVGVVDCTEGQGTQVTVSS,51.8
GPHMAQVQLVESGGRLVQAGDSLRLSCAASGRTFSTSAMAWFRQAPGREREFVAAITWTVGNTILGDSVKGRFTISRDRAKNTVDLQMDNLEPEDTAVYYCSARSRGYVLSVLRSVDSYDYWGQGTQVTVS,53.6
MAQVQLVESGGALVQPGGSLRLSCAASGFPVNRYSMRWYRQAPGKEREWVAGMSSAGDRSSYEDSVKGRFTISRDDARNTVYLQMNSLKPEDTAVYYCNVNVGFEYWGQGTQVTVSSLEHHHHHH,46.9
QVQLQESGGGLVQAGGSLRLSCTAFRSVGVIDVMGWYRQAPGKQRELVATVTSGSSTTYADSVKGRFAISRDNAKTVSLQMNSLKPEDTAVYYCADDDEGKLLNRRSVWYYWSQGTQVTVSS,54.5
QVQLQESGGGLVQPGGSLRLSCAASGFTFGSYDMAWVRQAPGKGPEWVSSINSSGGSTEYASSVKGRFTVSRDNAKNMLYLQMDRLKLEDTAVYYCADEGNPSTTWYYEDQGTQVTVSS,58.0
QVQLQESGGGLVQAGGSLRLSCASSGSILSMNVMGWYRQAPGKQREMVAQITRIGDTNYSSSMKGRFTISRDNADNTLYLQMNRLEPEDTAVYFCANNNRSTYYYYWGQGTQVTVSS,58.0
QVQLQESGGGLVQAGGSLRLSCTALRSVGSENGMGWYRQSPGNQRELVATVTSDTSTTYRDSVKGRFAISRDSAKTVSLQMNNLKPEDTAVYYCADEEGHHLLNRRSTVWYWGQGTQVTVSS,53.0
QVQLQESGGGLVQAGGSLRLSCTAFRSVGVIDVMGWYRQAPGTQRELVATVTSSSSTTYADSVKGRFAISRDDAKTVSLQMNSLKPEDTAVYYCADDEEGLLNNRRSSVWYWGQGTQVTVSS,58.0
QVQLQESGGGLVQAGGSLRLSCAASGSIGSINFIFWYRQAPGKQREFVARISRSGRSDYVESVKGRFTISRDNAKNTVYLQMNNLKSEDTAVYYCALGNNWGQGTQVTVSS,68.0
QVQLQESGGGSVQAGGSLRLSCSASGFYYDRWYMAWFRQVPGKEREEVAVINSADGSTYYADSVKGRFSISLGPTKKTANLLMSSLKPEDTGIYYCAATDGATIFGTPSVRQARAWGQGTQVTVSS,71.05
QVQLQESGGGSVQAGGSLRLSCTASGFYYSYWYIAWFRQAPGKEREEVAVINSSDLSTYVADSVKGRFTISQENGGKTAVLLMTSLKPEDTAIYYCAAKDGATIFGLPSARQIQSWGLGTQVTVSS,74.35
QVQLQESGGGSVQAGGSLRLSCAASGWTYSTATMGWYRQAPGKERELVSSIFSDENTYYKDSVKGRFTISRDAAKNTVYLQMNSLKPEDTAMYYCYIRPTTSLANWRWGQGTQVTVSS,63.9
QVQLQESGGGSVQAGGSLRLSCAASGYTYSASSMGWSRQVPGRQREGIAFIYSRSGGTNYADSVKGRFTISQNSAKNMVYLQMDNLKTEDTAMYYCYSMYAGKAYWGQGTQVTVSS,62.45
QVQLQESGGGSVQAGGSLRLSCVASEYDFNSYSSVSVGWFRQAPGKECVLVSRIGNDARTDYSDNVKGRFTISRDNAKRTAYLEMNSLKAEDTAVYYCAANQLSSAVVGTEYPCSKAAFAHWGQGTQVTVSS,64.55
QVQLQESGGGSVQAGGSLRLSCVASGYLFSLRGMGWYRQAPGKERELVSIISRYGPTKYADSVKGRFTISQDNAKNTLYLQMNSLKPEDTAVYFCAASRPNSDKLDYWGQGTQVTVSS,63.2
QVQLQESGGGSVQAGGSLRLSCAASGYTYGSNSMGWFRQAPGKEREGVATIDRGGGRTLYTDSVKGRFTISQDNAKNTVYLQMNSLKPEDTAMYYCAADDNWRGDGLDPSDFDYWGQGTQVTVSS,57.95
QVQLQESGGGSVQAGGSLRLSCAVPEYTFNSYAMYWFRQAPGKECEYVSGIMRNGITNYADSVKGRFTISRDNAKNTVYLQMNNLKPEDTAVYYCAPSGDRCQGGGQGTQVTVSS,67.05
QVQLQESGGGSVQAGGSLRLSCEVSGYSETTYRIGWFRLPPGLETREEVAFINFGGDSTLYANSVKGRFTISQDNTKNTVYLLMNSLKPEDTAIYYCALSARWYKRAEPDFDYWGQGTQVTVSS,58.6
QVQLQESGGGSVQAGGSLRLSCAATGYGITSRCMAWFRQAPGKEREGVAVISTGDGSSYYADSVKSRFTISQNTAKNTMYLQMNSLKPEDTAMYYCAAHYARRSGGDCWVDPADFDYWGQGTQVTVSS,69.5
QVQLQESGGGSVQAGGSLRLSCAVSGYSDSNYRMGWFRHIPGRDRREGIAFINVGGSSTLYADSVKDRFTISQDNVKDMVYLDMNSLKPEDTAIYYCALSPRWYKRVEADFDYWGQGTQVTVSS,65.5
QVQLQESGGGSVQAGGSLRLFCEASGYTSSHYIMGWSRQAPGKECELVARITSAGITDYASSVKGRFTISRGDATNGMALQMNNLKPEDTAVYYCGVVVPTIGISRWCGYDYWGQGTQVTVSS,67.15
QVQLQESGGGSVQAGGSLRLSCAASGLTFSRHTMGWFRLAPGKECEVVSTITNDGTTNYADSVKGRFTVSQDNAKNTVYLQMNSLKPEDTAEYYCAARGSGYERLSRFCGMDYWGKGTQVTVSS,70.8
QVQLQESGGGSVQAGGSLRLFCAASGYTYSPYCMGWFRQAPGKEREAIAILGSGGITTYYAESVKGRFIISPGNAKNTVSLQMVNLKPEDTAIYYCAAGSTIRGGYCDWDAYGYDYWGPGTQVTVSS,85.75
QVQLQESGGGSVQAGGSLRLSCADSRYTHYCMGWFRQAPGKEREGVARISVLSGRTYYADSVKGRFTISQDNAKNVVYLQMNSLKPEDTAIYYCAAGNYWSDLCPEVDFEYWGQGTQVTVSS,65.96298507
QVQLQESGGGSVQAGGSLKLACAAAGYTTQPYCVAWFRQAPGKEREGVAAIWRDRGGPYYVDSVKGRFTMSQNSAKNTVYLQMNNLKPEDTAVYSCAATEGVCSSLFYLKTFNYWGQGTQVTVSS,66.5
QVQLQESGGGSVQAGGSLKLSCAASGYIFSSCAMSWYRQAPGKERELVSSITSYGDAAYTDSAKGRFTISRDNAKNTLYLHLNNLKPEDTAVYFCAACPRNKYWGQGTQVTVSS,63.65
QVQLQESGGGSVQAGGSLKLSCAATYYIFSSCGMGWYRQAPGKERELVAIINSDGTRSIAESVKGRFTISQDANKNTFELQMNNLRAEDTAVYFCAAPKYVDYASRGRVCDKELMYWGQGTQVTVSS,70.58334992
QVQLQESGGGSVQTGGSLRLSCEASKYAYYTGCMAWFRQSTGKEREGVAYIDTGAINTYYADSVKGRFTISQDYAKKTLYLQMNSLKPEDTAIYSCAAGPYRCQANTQGLQSRWYAYWGQGTQVTVSS,69.46915423
QVQLQESGGGSVQAGGSLRLSCTASGFTFDDFDMGWYHQSPGNECELVSAISADGSTYYTNSVKGRFTISRDYAKNTVYLQMNNLKPEDTAMYYCAADRWALRRTTACTGAYSGYVVWGQGTQVTVSS,73.2
QVQLQESGGGSVQAGGSLRLSCAASGSTDTTNYIGWFRQVPGKEREGVATISTRGGVSTYYTDSVKGRFTISRDNAKNTVYLQMNRLKPEDTAMYYCAASGGRYIDAFSSNYFNYWGQGTQVTVSS,72.55
QVQLQESGGGSVQAGGSLRLSCAASGYPYNNYCMGWFRQAPGKEREGVAAINSRGAIIGYADSVKGRFTISQDNAKNTMYLQMNSLKPEDTAIYYCAADLVGRWSGSCLFRSSGFGYWGQGTQVTVSS,71.45
QVQLQESGGGSVQAGGSLRLSCAVSGYSYSSYSIAWIRQAPGREREGVACINSGGKLAVYASSVKGRFTISHDNAKNTAYLQMNSLKPEDTAIYYCVLGESYCSQENYTSKWRAQGTQVTVSS,70.4
QVQLQESGGGSVQAGGSLRLTCLASGDTTSVDYLGWFRQAPGKKREAVAGLYLEHSRSGLREFYEDDVEGRFTIFQHGARKMVHLQMTNLKPEDSATYYCAAKGESGYWSWRHTIEYWGQGTQVTVSS,60.05
QVQLQESGGGSVQGGGSLRLSCAASGDTFSRKIMAWFRQAPDKEREGLATIDPDGTMKSYADSARGRFTISRDNAKSAVYLQMNSLKPEDTAVYYCATKLTWYGAYQSWGQGTQVTVSS,58.5
QVQLQESGGGSVQAGGSLRLSCAASGITYSRSTMGWYRQVPGKERELVSSIRWNGSTLYADSVKGRFTISRDNAKNTAYLQMNSLKPEDTAMFYCKAEVVAGPYAGHDYWGQGTQVTVSS,62.95
QVQLQESGGGSVQTGGSLRLSCAASGYTYSTYCMGWFRQEAGKEREGVATINRDSGITDYADSVKGRFTISQDKAKNMVYLLMNNLQPEDTAVYYCAAQRTYTRGRCIPTVVPRYNDRGQGTQVTVSS,67.15
QVQLQESGGGSVQAGGSLRLSCTTSGLFYSNYCMGWFRQAPGKEREGIAAIHSVNGDTYYADSVKGRFIISQDNAKNTMYLQLSSLKPEDTAIYYCAAKMRLYWSDCRLLAPAIDYRGQGTQVTVSS,64.25
QVQLQESGGGSVQAGGSLRLSCAASGYTYTMGWFRQAPGKEREGVTIIYTGYDNIVYADSVKGRFTISRDNAKNTVYLQMNNLKPEDTAMYHCAAATRGLPRSYFDPGWYDSWGQGTQVTVSS,70.05
QVQLQESGGGSVQAGGSLRLSCVVSGYTNNINIMGWFRQAPGKERETVASKPTRYDNTYYADSVKGRFTISQDNAKNTMYLQMDNLKPEDTAMYYCAAGYAVLGSGTWDRASQYQYWGQGTQVTVSS,77.45
QVQLQESGGGSVQTGGSLRLSCGASGNTHSVNLMGWFRQPPGKEREGVAAKYTNYDNTYYADSVKGRFFISLDNAKNLLYLEMKNLQPEDTAMYFCAAIDLLYRDFNPLSRDGYPYWGQGTQVTVSS,68.85
QVQLQESGGGSVQSGGSLTLSCAASRYTYRPRTMAWYRQAPGKEREFVSTISSNGNTKYRDSVKGRFTISQNNAKNTVYLQMNSLKPEDTAMYYCYMYNGDPFWGQGTQVTVSS,56.15975124
QVQLQESGGGSVQAGGSLRLSCVASGYIYDNYCMGWFRQAPGKEREGVAHITGGGTYTYYSDSVKDRFTISQDNAKNTVYLQMNSLKPEDTAIYYCAAYLACTIRTMGKEERYNYWGQGTQVTVSS,69.15
QVQLQESGGGLVQAGGSLRLSCAASGFTRSCCLAWYRQAPGKERELVSTISSDGSTYYADSVRGRFTIAKDNAKNTLYLHMNSLKPEDTAVYYCAAKGVGSTCRGICQKMTNYNFWGQGTQVTVSS,85.0
QVQLQESGGGSVQAGGSLRLSCAFSGFTYSTFYISWFRQAPGKEREVVASIYRPSSSTYYTNSAKGRFTISQDNVENTVYLQMNSLKPEDTAMYYCAARWRSGKSYDYWGQGTQVTVSS,61.45
QVQLQESGGGSVQSGGSLRLSCAASGYSSCMGWFRQAPGKEREGVALIASRTGWTYYSDTVKGRFTISQDNAKSTMYLQMNSLKPEDTAIYYCAADRGRGNRCPAIWQYDSRGQGTQVTVSS,57.35
QVQLQESGGGSVQFGGSLTLSCVVSGYPTNIFYFTWFRQSPGKEREAVASLSSGQAKRYVDSVKDRFTISQGDPKNTIYLQMNGLKPEDTGIYYCAAGVTRAWEWRKPSTHPYWGQGTQVTVSS,73.1
QVQLQESGGGSVQAGGSLRLPCVASGYIYSPTKMGWFRQAPGKERELVSSITRDGRPYYSDSVKGRFTISQDNAKNTVYLQMNSLKPEDTAMYYCFADVRLSAVGGIKTYWDQGTQVTVSS,63.3
QVQLQESGGGSVQAGGSLRLSCAASGHTFCRYDRSWYRQAPGKEREFVSGIDTDGSTTYADSVKGRFTISQDNAKNTLHLQMNSLKPDDTAMYYCKARPVRDRYCLGGYDYWGQGTQVTVSS,60.1
QVQLQESGGGSVQAGGSLRLSCATSGLTYRSYCMTWFRQAPGKEREGLLGIKSGGGSTYYVDSVKGRFTISQDNPKNTVYLQMNSLKPEDTAIYYCAAIVGWRTYGGSCPGTASEYNYWGQGTQVTVSS,76.35
QVQLQESGGGSVQAGGSLRLSCTASEFTTKYMAWFRQAPGKERELVAVIYTITSGANYGDSVKGRFTITRDNENNTVHLEMNNLKPEDTAMYICAASTYWGAALRETAYNSWGRGTQVTVSS,65.75
QVQLQESGGGSVQAGGSLRLSCAVSENTGRMGWFRQAPGKEREKVAIITRLGGYTSYAGPVKGRFTISQDNAKNTVYLLMNSLKPEDTAIYYCAADSRPIYSGTWRYWGQGTQVTVSS,62.5
QVQLQESGGGSVQAGGSLRLSCAVSGYTYSSYSIGWFRQAPGKEREGVAAINSGGSTNYAGSVEGRFTISQDNAKNTVSLLMNSLKPEDTATYYCAVGAFFTLRPTLYNYKGQGTQVTVSS,53.6
QVQLQESGGGSVQAGGSLKLSCDASTYTYGGKCMGWFRQAPGKEREFVAFIESDGRTSYADSVKGRFTISQDDAKNTVYLQMNSLKPEDTSMYYCKTAAGAFCGTRSYGFWGQGTQVTVSS,60.75
QVQLQESGGGSVQTGGSLTLSCLASENSFSVVRMAWFRKAPGKECELVSSITNDSDVTWYMRSVKGRFTISRDNTKKTLYLQMNSLQPEDTATYYCMGYPYSNEVGCRGQGTQVTVSS,71.05
QVQLQESGGGQVQAGGSLRLSCAAPEFSSSRYLNYYMAWFRQVPGKEREGVANINRLGSITNYADSVKGRFTISRDNAKSTVYLQMSSLKPEDTGIYYCAASENNVLWDLLPDKYTIWSRGTQVTVSS,69.45
QVQLQESGGGSVQTGGSLRLSCAASGYTASNACMGWFRQAPGKEREGVATITTGGGTYYADSVKGRFTISRDNAKNTVYLQMNSLKPNDTAMYYCAATFPYIGGCLKVGLDAYRYWGQGTQVTVSS,74.1
QVQLQESGGGSVQAGGSLRLSCSASTIYISTKYYMALGWFRQAPGKEREGVAVIYIKNGGTFYTDSVKGRFTISLDIAKNTVYLQMNSLKPEDTAMYYCAASRPLMWRDVSSHERFGPNGYNYWGQGTQVTVSS,77.8
QVQLQESGGGSVQAGGSLRLSCAASGYTYRYSMGWYRQAPGKERELVSSIISDGSTYYADSVKGRFTISQDNAKNTVYLQMNSLKPEDTAMYYCFTDARRDSRSLPLRYWGQGTQVTVSS,78.85
EVQLVESGGGLVQAGGSLTLSCAASGRLLGIYALGWHRQAPGKERELVANITSAHSAHYAESVEGRFTISRDNAKNTVSLHMNSLKPEDTAVYYCDARNPITGRAYWGLGTQVTVSS,70.12363184
KVQLVESGGGLVQAGGSLRLACTASGSAFSINTMGWYRRAPGKQRELVASITSSGSTTYADSVKGRFTISRDSAKNTVFLQMNSVKPEDTSVYYCNGEIQRTDYNFWGQGTQVTVSS,63.55
EVQLVESGGGLAQPGGSLKLSCAASGSIFRIIDMGWYRQAPGKQRELVASITPGGRSDYADSVKGRFTISRDNVKNTLYLQMNSLKPEDTAVYFCKGSGAITPGRSYAFDYWGQGTQVTVSS,66.94111111
EVQLVESGGGLVQPGGSLRLSCAASQNIFNIPVMGWYRQAPGKQRELVGTINGEGRTTYADSVKGRFTISRDNAKSTLYLQMNFLKPEDTALYYCARDLARYAFQWGQGTQVTVSS,57.74885572
EVQLVESGGGLVQPGGSLRLSCAASQNIFNIPVMGWYRQAPGKQRELVGTINGEGRTTYADSVKGRFTISRDKAKNTVSLQMDSLKPEDTAVYYCARTQYLRSRMQGQYESWGQGTQVTVSS,69.47366501
EVQLVESGGGLVQAGGSLRLSCTASVSIFSISTMGWYRQAPGKQREWVAAISSGGTPSYADSVKGRFTISKDNAKNTLELQMNSLRPEDTAVYYCNARRTPGTIFPVFDYWGQGTQVTVSS,78.7
EVQLVESGGGLVQAGGSLRLSCAASGNRFSINTMGWFRQAPGKQRELVATITNSGTTNYADSVKGRFTISRDNAKNTIYLQMNSLRPEDTAVYYCHAGRFSAYWGQGTQVTVSS,76.3
EVQLVESGGGLVQAGGSLRLSCAASGIMFRIFDMAWYRQGPGNQRELVAATTSGDITKYADAVKGRFTISRDNAKNTVYLEMNSLQPEDTAVYSCNARLGLRDFWGQGTQVTVSS,67.45
EVQLVESGGGLVHAGGSLRLSCAATGSIFGINTMGWYRQAPGKERELVATITSGGATNYADPVKGRFTISRDNAKNTVYLQMNSLRPEDTAVYYCNIRARRTIWDRGHLSDYWGQGTQVTVSS,80.0
EVQLVESGGGLVQTGGSLRLSCAASGSIAGINAMGWYRQAPGKQRELVATITRGGSTNYADSAKGRFTISRDNAWNTVYLQMNSLKPEDTAVYYCKAQRLLWGDYWGQGTQVTVSS,70.80817579
EVQLVESGGGMVQPGGSLRLSCAASESIFRFSIMGWYRQAPGQERELVASISTSDMTRYADLVKGRFTISRDNAKNTVYLQMNSLKPEDTAVYYCNAEAWRFPSRYTYWGQGTQVTVSS,75.75
EVQLVESGGELVQAGGSLRLSCAASGLTFSSYNMGWFRRAPGKEREFVASITWSGRDTFYADSVKGRFTISRDNAKNAVYLQMSSLKPEDTAVYYCAANPWPVAAPRSGTYWGQGTQVTVSS,74.65
EVQLVESGGGLVQAGGSLRLSCAASGTIFSFDAMGWYRQAPGKQRELVATGTGGGTTNYAESVKGRFTISRDGAKNTVYLQMNSLKPEDTAIYYCNARRAWPRRGDYWGQGTQVTVSS,66.6
EVQLVESGGGLVQPGGSLRLSCTPSGSGLSINRMGWYRQAPGKQRELVARIYSSGTTTYVDSVKGRFTISRDNAKNTVFLQMTSLKPEDTAVYYCKGKIKLTTWPDRWTDYWGQGTQVTVSS,69.5
EVQLVESGGGLVQTGGSLRLSCAASGSIAGINAMGWYRQAPGKQRELVATITRGGSTNYADSAKGRFTISRDNAWNTVYLQMNSLKHEDTAVYYCKAQRLLWGDYWGQGTQVTVSS,69.0
DVQLQASGGGSVQAGGSLRLSCAASGYTIGPYCMGWFRQAPGKEREGVAAINMGGGITYYADSVKGRFTISQDNAKNTVYLLMNSLEPEDTAIYYCAADSTIYASYYECGHGLSTGGYGYDSWGQGTQVTVSS,62.0
QVQLVESGGGSVQAGGSLRLSCTASGGSEYSYSTFSLGWFRQAPGQEREAVAAIASMGGLTYYADSVKGRFTISRDNAKNTVTLQMNNLKPEDTAIYYCAAVRGYFMRLPSSHNFRYWGQGTQVTVSS,78.0
QVQLVESGGGSVQAGGSLRLSCARSGSTDSRNCMGWFRQAPGKERESVASIYASGSTLYADSVEDRFTISQDNNKNTVYLQMNSLKPDDTAMYYCAAGRSRLGCSTERNSDYWGQGTQVTVSS,62.0
QVQLVESGGGSVQAGGSLTLSCLVYGHSIVSSTMGWERTAPGQDCKWVSTFRSDGVKTYADSVEGRFAIDKDNAKNSIFLQMNDLKPEDTAVYYCAIIGASVGLWGQGTQVTVSS,68.0
QVQLVESGGGSVQAGGSLRLSCSASGYTYISGWFRQAPGKEREGVAAIRSSDGTTYYADSVKGRFTISQDNAKNTVYLQMNSLKPEDTAMYYCAATEVAGWPLDIGIYDYWGQGTQVTVSS,76.0
QVQLQESGGGLVQAGGSLRLSCAASGRATSGHGHYGMGWERQVPGKEREFVAAIRWSGKETWYKDSVKGRFTISRDNAKTTVYLQMNSLKPEDTAVYYCAARPVRVDDISLPVGFDYWGQGTQVTVSS,60.0
QVQLVESGGGSVQAGGSLRLSCSASGYTYISGWFRQAPGKEREWVAAIRSSDGTTYYADSVKGRFTISQDNAKNTVYLQMNSLKPEDTAMYYCAATEVAGWPLDIGIYDYWGQGTQVTVSS,84.2
QVQLVESGGGSVQAGGSLRLSCSASGYTYISGWVRQAPGKEREGVAAIRSSDGTTYYADSVKGRFTISQDNAKNTVYLQMNSLKPEDTAMYYCAATEVAGWPLDIGIYDYWGQGTQVTVSS,76.2
QVQLVESGGGSVQAGGSLRLSCSASGYTYISGWVRQAPGKEREWVAAIRSSDGTTYYADSVKGRFTISQDNAKNTVYLQMNSLKPEDTAMYYCAATEVAGWPLDIGIYDYWGQGTQVTVSS,79.4
QVQLVESGGGSVQAGGSLRLSCSASGYTYISGWFRQAPGKGLEGVAAIRSSDGTTYYADSVKGRFTISQDNAKNTVYLQMNSLKPEDTAMYYCAATEVAGWPLDIGIYDYWGQGTQVTVSS,82.5
QVQLVESGGGSVQAGGSLRLSCSASGYTYISGWVRQAPGKGLEGVAAIRSSDGTTYYADSVKGRFTISQDNAKNTVYLQMNSLKPEDTAMYYCAATEVAGWPLDIGIYDYWGQGTQVTVSS,78.4
QVQLVESGGGSVQAGGSLRLSCSASGYTYISGWVRQAPGKGLEWVAAIRSSDGTTYYADSVKGRFTISQDNAKNTVYLQMNSLKPEDTAMYYCAATEVAGWPLDIGIYDYWGQGTQVTVSS,79.5
QVQLVESGGGSVQAGGSLRLSCSASGYTYISGWFRQAPGKEREGVAAIRSSDGTTYYADSVKGRFTISQDNAKNTVYLQMNSLKPEDTAMYYCAATEVAGWPLDIGIYDYRGQGTQVTVSS,70.0
QVQLVESGGGSVQAGGSLRLSCSASGYTYISGWVRQAPGKGLEWVAAIRSSDGTTYYADSVKGRFTISQDNAKNTVYLQMNSLKPEDTAMYYCAATEVAGWPLDIGIYDYRGQGTQVTVSS,79.9
QVQLVESGGGSVQAGGSLRLSCTASGGSEYSYSTFSLGWFRQAPGQGLEAVAAIASMGGLTYYADSVKGRFTISRDNAKNTVTLQMNNLKPEDTAIYYCAAVRGYFMRLPSSHNFRYWGQGTQVTVSS,79.6
QVQLVESGGGLVQPGGSLRLSCAASGGSEYSYSTFSLGWFRQAPGQEREWVAATASMGGLTYYADSVKGRFTISRDNSKNTLYLQMNSLRAEDTAVYYCAAVRGYFMRLPSSHNFRYWGQGTLVTVSS,72.0
QVQLVESGGGLVQPGGSLRLSCAASGGSEYSYSTFSLGWFRQAPGQGLEAVAATASMGGLTYYADSVKGRFTISRDNSKNTLYLQMNSLRAEDTAVYYCAAVRGYFMRLPSSHNFRYWGQGTLVTVSS,74.3
QVQLVESGGGLVQPGGSLRLSCAASGYTYISGWFRQAPGQGLEAVAAIRSSDGTTYYADSVKGRFTISRDNSKNTLYLQMNSLRAEDTAVYYCAATEVAGWPLDIGIYDYWGQGTLVTVSS,63.4
DVQLQESGGGLVQPGGSLRLSCAASGFLFSDTYMTWARQAPGKGLEWLGGISKDGSGTLYEDSVEGRFTISRDNAKNTLYLQMNSLKSEDTALYYCSTGALLPTRPQGQGTQVTVSS,51.5
DVQLQESGGGLVRPGGSLRLSCAASGELFSGTYMTWARQAPGKGLEWLCGINKDGSGTLYADSVEGRFTCSRDNAKNTLYLQMNSLKSEDTALYYCSTGALLPTRPQGQGTQVTVSS,61.9
QVQLVESGGGSVQAGGSLRLSATASGGSEYSYSTFSLGWFRQAPGQEREAVAAIASMGGLTYYADSVKGRFTISRDNAKNTVTLQMNNLKPEDTAIYYVAAVRGYFMRLPSSHNFRYWGQGTQVTVSS,60.2
QVQLVESGGGSVQAGGSLRLSCTASGGSEYSYSTFSLGWFRQAPGQEREAVCAIASMGGLTYYADSVKGRFTCSRDNAKNTVTLQMNNLKPEDTAIYYCAAVRGYFMRLPSSHNFRYWGQGTQVTVSS,87.0
QVQLVESGGGSVQAGGSLRLSATASGGSEYSYSTFSLGWFRQAPGQEREAVCAIASMGGLTYYADSVKGRFTCSRDNAKNTVTLQMNNLKPEDTAIYYVAAVRGYFMRLPSSHNFRYWGQGTQVTVSS,70.0
QVQLVESGGGSVQAGGSLRLSCTASGGSEYSYSTFSCGWFRQAPGQEREAVAAIASMGGLTYYADSVKGRFTISRDNAKNTCTLQMNNLKPEDTAIYYCAAVRGYFMRLPSSHNFRYWGQGTQVTVSS,82.0
QVQLVESGGGSVQAGGSLRLSATASGGSEYSYSTFSCGWFRQAPGQEREAVAAIASMGGLTYYADSVKGRFTISRDNAKNTCTLQMNNLKPEDTAIYYVAAVRGYFMRLPSSHNFRYWGQGTQVTVSS,65.6
QVQLVESGGGSVQAGGSLRLSCTASGGSEYSYSTFSCGWFRQAPGQEREAVCAIASMGGLTYYADSVKGRFTCSRDNAKNTCTLQMNNLKPEDTAIYYCAAVRGYFMRLPSSHNFRYWGQGTQVTVSS,90.0
QVQLVESGGGSVQAGGSLRLSATASGGSEYSYSTFSCGWFRQAPGQEREAVCAIASMGGLTYYADSVKGRFTCSRDNAKNTCTLQMNNLKPEDTAIYYVAAVRGYFMRLPSSHNFRYWGQGTQVTVSS,71.4
DVQLVESGGGSVQAGGSLRLSCAVSGSTYSPCTTGWYRQAPGKEREWVSSISSPGTIYYQDSVKGRFTISRDNAKNTVYLQMNSLQREDTGMYYCQIQCGVRSIREYWGQGTQVTVSS,71.2
DVQLVESGGGSVQAGGSLRLSCAVSGSTYSPCTTGWYRQAPGKEREWVCSISSPGTIYYQDSVKGRFTCSRDNAKNTVYLQMNSLQREDTGMYYCQIQCGVRSIREYWGQGTQVTVSS,90.0
DVQLVESGGGSVQAGGSLRLSCAVSGSTYSPCTCGWYRQAPGKEREWVSSISSPGTIYYQDSVKGRFTISRDNAKNTCYLQMNSLQREDTGMYYCQIQCGVRSIREYWGQGTQVTVSS,89.0
QVQLVESGGALVQPGGSLRLSCAASGFPVNRYSMRWYRQAPGKEREWVAGMSSAGDRSSYEDSVKGRFTISRDDARNTVYLQMNSLKPEDTAVYYCNVNVGFEYWGQGTQVTVSS,69.5
QVQLVESGGALVQPGGSLRLSAAASGEPVNRYSMRWYRQAPGKEREWVAGMSSAGDRSSYEDSVKGRFTISRDDARNTVYLQMNSLKPEDTAVYYVNVNVGFEYWGQGTQVTVSS,60.3
QVQLVESGGALVQPGGSLRLSCAASGFPVNRYSMRWYRQAPGKEREWVCGMSSAGDRSSYEDSVKGRFTCSRDDARNTVYLQMNSLKPEDTAVYYCNVNVGFEYWGQGTQVTVSS,75.7
QVQLVESGGALVQPGGSLRLSCAASGFPVNRYSCRWYRQAPGKEREWVAGMSSAGDRSSYEDSVKGRFTISRDDARNTCYLQMNSLKPEDTAVYYCNVNVGFEYWGQGTNVTVSS,76.2
QVQLVESGGALVQPGGSLRLSCAASGEPVNRYSCRWYRQAPGKEREWVCGMSSAGDRSSYEDSVKGRFTCSRDDARNTCYLQMNSLKPEDTAVYYCNVNVGFEYWGQGTQVTVSS,85.0
DVQLVESGGGSVQAGGSLRLSCAVSGSTYSPSTTGWYRQAPGKEREWVSSISSPGTIYYQDSVKGRFTISRDNAKNTVYLQMNSLQREDTGMYYCQIQMGVRSIREYWGQGTQVTVSS,61.0
DVQLVESGGGSVQAGGSLRLSCAVSGSTYSPSTTGWYRQAPGKEREWVSSISSPGTIYYQDSVKGRFTISRDNAKNTVYLQMNSLQREDTGMYYCQIQFGVRSIREYWGQGTQVTVSS,60.0
DVQLVESGGGSVQAGGSLRLSCAVSGSTYSPFTTGWYRQAPGKEREWVSSISSPGTIYYQDSVKGRFTISRDNAKNTVYLQMNSLQREDTGMYYCQIQMGVRSIREYWGQGTQVTVSS,61.0
DVQLVESGGGSVQAGGSLRLSCAVSGSTYSPFTTGWYRQAPGKEREWVSSISSPGTIYYQDSVKGRFTISRDNAKNTVYLQMNSLQREDTGMYYCQIQEGVRSIREYWGQGTQVTVSS,59.0
DVQLVESGGGSVQAGGSLRLSCAVSGSTYSPITTGWYRQAPGKEREWVSSISSPGTIYYQDSVKGRFTISRDNAKNTVYLQMNSLQREDTGMYYCQIQMGVRSIREYWGQGTQVTVSS,62.0
DVQLVESGGGSVQAGGSLRLSCAVSGSTYSPRTTGWYRQAPGKEREWVSSISSPGTIYYQDSVKGRFTISRDNAKNTVYLQMNSLQREDTGMYYCQIQEGVRSIREYWGQGTQVTVSS,57.0
DVQLVESGGGSVQAGGSLRLSCAVSGSTYSPNTTGWYRQAPGKEREWVSSISSPGTIYYQDSVKGRFTISRDNAKNTVYLQMNSLQREDTGMYYCQIQMGVRSIREYWGQGTQVTVSS,60.0
DVQLQESGGGSVQAGGSLRLSCVASGWIYIPPTMAWFRQAPGKERERVATINPSGRTYYADSTKGRFTISQDNVKRTLYLYMNSLKPEDTATYYCAADDGTHPRMEFDDWGQGTQVTVSS,53.0
DVQLQESGGGSVQAGGSLRLSCVASGWIYIPPTMAWFRQAPGKERERVATINPSGRTYYADSTKGRFTISQDNVKRTLYLYMNSLKPEDTATYYCAADDGTAPRMEFDDWGQGTQVTVSS,53.0
DVQLQESGGGSVQAGGSLRLSCVASGWIYIPPTMAWFRQAPGKERERVATINPSGRTYYADSTKGRFTISQDNVKRTLYLYMNSLKPEDTATYYCAADDGTPPRMEFDDWGQGTQVTVSS,57.0
DVQLQESGGGSVQAGGSLRLSCVASGWIYIPPTMAWFRQAPGKERERVATINPSGRTYYADSTKGRFTISQDNVKRTLYLYMNSLKPEDTATYYCAADDGTGPRMEFDDWGQGTQVTVSS,53.0
DVQLQESGGGSVQAGGSLRLSCVASGWIYIPPRMAWFRQAPGKERERVATINPSGRTYYADSTKGRFTISQDNVKRTLYLYMNSLKPEDTATYYCAADDGTEPRMEFDDWGQGTQVTVSS,51.0
DVQLQESGGGSVQAGGSLRLSCVASGWIYIPPSMAWFRQAPGKERERVATINPSGRTYYADSTKGRFTISQDNVKRTLYLYMNSLKPEDTATYYCAADDGTGPRMEFDDWGQGTQVTVSS,53.0
DVQLQASGGGSVQAGGSLRLSCAASGYTIGPYSMGWFRQAPGKEREGVAAINMGGGITYYADSVKGRFTISQDNAKNTVYLLMNSLEPEDTAIYYCAADSTIYASYYEPGHGLSTGGYGYDSWGQGTQVTVSS,59.0
DVQLQESGGGSVQAGGSLRLSCAASPYFSLRSCVAWFRQAPGKEREGVATIFTSTGSTYYADSVKGRFTISQDNANTVSLQMNSLEPEDAAMYYCAIEGRPMIGGPSCSMGSPNSYTYWGQGTQVTVSS,78.0
DVQLQESGGGSVQAGGSLRLSCAASPYFSLRSFVAWFRQAPGKEREGVATIFTSTGSTYYADSVKGRFTISQDNANTVSLQMNSLEPEDAAMYYCAIEGRPMIGGPSGSMGSPNSYTYWGQGTQVTVSS,67.0
DVQLQESGGGSVQAGGSLRLSCAASPYFSLRSEVAWFRQAPGKEREGVATIFTSTGSTYYADSVKGRFTISQDNANTVSLQMNSLEPEDAAMYYCAIEGRPMIGGPSLSMGSPNSYTYWGQGTQVTVSS,63.0
DVQLQESGGGSVQAGGSLRLSCAASPYFSLRSIVAWFRQAPGKEREGVATIFTSTGSTYYADSVKGRFTISQDNANTVSLQMNSLEPEDAAMYYCAIEGRPMIGGPSASMGSPNSYTYWGQGTQVTVSS,69.0
DVQLQESGGGSVQAGGSLRLSCAASPYFSLRSVVAWFRQAPGKEREGVATIFTSTGSTYYADSVKGRFTISQDNANTVSLQMNSLEPEDAAMYYCAIEGRPMIGGPSSSMGSPNSYTYWGQGTQVTVSS,70.0
DVQLQESGGGSVQAGGSLRLSCAASGFPFSNYCMGWFRQAPGKEREGVATISRLGMFTEYADSVQGRFIISRDNAQNMVFLQMNNLTPEDTAIYYCAAVSTSSSDCRPRLPSQEYTYWGQGTQVTVSS,78.0
DVQLQESGGGSVQAGGSLRLSCAASGFPFSNYLMGWFRQAPGKEREGVATISRLGMFTEYADSVQGRFIISRDNAQNMVFLQMNNLTPEDTAIYYCAAVSTSSSDPRPRLPSQEYTYWGQGTQVTVSS,71.0
DVQLQESGGGSVQAGGSLRLSCAASGFPFSNYVMGWFRQAPGKEREGVATISRLGMFTEYADSVQGRFIISRDNAQNMVFLQMNNLTPEDTAIYYCAAVSTSSSDPRPRLPSQEYTYWGQGTQVTVSS,69.0
DVQLQESGGGSVQAGGSLRLSCAASGFPFSNYLMGWFRQAPGKEREGVATISRLGMFTEYADSVQGRFIISRDNAQNMVFLQMNNLTPEDTAIYYCAAVSTSSSDRRPRLPSQEYTYWGQGTQVTVSS,74.0
DVQLQESGGGSVQAGGSLRLSCAASGFPFSNYEMGWFRQAPGKEREGVATISRLGMFTEYADSVQGRFIISRDNAQNMVFLQMNNLTPEDTAIYYCAAVSTSSSDRRPRLPSQEYTYWGQGTQVTVSS,69.0
DVQLQESGGGSVQAGGSLRLSCAASGFPFSNYLMGWFRQAPGKEREGVATISRLGMFTEYADSVQGRFIISRDNAQNMVFLQMNNLTPEDTAIYYCAAVSTSSSDGRPRLPSQEYTYWGQGTQVTVSS,70.0
DVQLQESGGGSVQAGGSLRLSCAASGFPFSNYVMGWFRQAPGKEREGVATISRLGMFTEYADSVQGRFIISRDNAQNMVFLQMNNLTPEDTAIYYCAAVSTSSSDGRPRLPSQEYTYWGQGTQVTVSS,72.0
QVQLVESGGGLIKPGGSLRLSCAASGFTVSYESMGWVRQAPGKGLEWVSAISSSGGSTYYADSVKGRFTISRDNSKNTVYLQMNSLRAEDTAVYYCVTPERQCKQSTCYARPRYWGQGTMVTVSS,66.0
QVQLVESGGGLIKPGGSLRLSCAASGVRLSAYDMAWVRQAPGKGLEWVSAISSSGGSTYYADSVKGRFTISRDNSKNTVYLQMNSLRAEDTAVYYCVTLPDLCPGDNCTYPDASWGQGTMVTVSS,79.0
EVQLQASGGGLVQAGGSLRLSCAASGRAGDRNGIAWFRQPPGKEREFLAAISRGGTGTYYADSVKGRFTISRDNAENTVYLQMNSLKPEDTAVYYCAHSRYSFATPRTASDYNYWGRGTQVTVSS,66.0
QVKLEESGGGLVQAGGSLRLSCRTSGRTNSVYTMGWFRQAPGKEREFVAQIMWGAGTNTHYADSVKGRFTISRDSAESTVYLQMNSLKPEDTAVYYCAANRGIPIAGRQYDYWGQGTQVTVSS,74.0
DVQLQASGGGLVQAGGSLVLSCTASGRSYSSLAMGWLRQVPGKERELVGSISLSGGRTYYADSMKGRFTISKDNAKNTVYALQMNSLRPEDTAVYYCAARDAARDYAPLNFDTWGQGTQVTVSS,64.0
EVQLQASGGGMVQGGGSLRLSCAASAHTFSDYAMGWFRQAPGKERSLVAAINRSGGRTWYTDSVRGRFTISRDNAKNTVYYLQMDKLKPEDTAVYYCAAKSTHRDYAALNDYNYWGQGTQVTVSS,67.0
EVQLEESGGGLVQPGGSLRYSCAASGFAFSGYAMGWFRQAPGKEREFVAGISRTDNYRPYADSVKGRFAISRDNAQNMVYYLQMNSLKPEDTAVYYCAADRLGVPTPNSADYQYWGQGTQVIVSS,64.0
QVQLVESGGGPVEAGGSLRLSCAASGRSFSNSVMAWFRQAPGKEREFLSVLNWSSGRTSIADSVKGRFTMSRDPAKITVYLQMNGLKPEDTAVYYCAASNRGSLYTLDNQNRYEDWGQGTQVTVSS,66.0
AVQLVESGGGSVQAGGSLRLTCAASGRTSRSYGMGWFRQAPGKEREFVSGISWRGDSTGYADSVKGRFTISRDNAKNTVDLQMNSLKPEDTAIYYCAAAAGSTWYGTLYEYDYWGQGTQVTVSS,65.0
QVKLEESGGGLVQAGDSLRVSCAASGRDFSDYVMGWFRQAPGKEREFVAAISRNGLTTRYADSVKGRFTISRDNDKNMVYLQMNSLKPEDTAVYYCAVNSAGTYVSPRSREYDYWGQGTQVTVSS,61.0
EVQLQASGGGLVQPGGSLRLSCVASGINFSTNVPTWYRQAPGKQRELVAVITTNGLTRYADSVKGRFTISKDNAKNAVYLQMNSLKPEDTAVYYCRARDYWGQGTQVTVSS,69.0
EVQLQASGRGLVQPGGSLRLSCAASGTSISDRAMTWYRQAPGKQRELVATIRSVGTTLYGDSVKGRFTISRDNAKNTVYLQLNSLMPEDTAVYYCMTGGWSGQGTQVTVSS,69.0
EVQLQASGGGLVQPGGSLRLSCAASGTSISDRAMTWYRQAPGKQRELVATIRSVGTTLYGDSVKGRFTISRDNAKNTVYLQLNSLMPEDTAVYYCMTGGWSGQGTQVTVSS,58.0
EVQLQASGGGLVQAGGSLRLACALSGSTININTMAWYRQPPGKQREFVAILLNGGTSNYADSVTGRFTISRDNAKNTVYLQMNSLKVEDTAVYYCHLGGLGASYWGQGTQVTVSS,49.0
EVQLQASGGGLVQAGNSLNLSCAASGNTFNIYFMAWYRQPPGKQRELVASISTGGRTNYADSVKGRFTISSDSAHKGVYLQMNSLKFEDTAVYRCNYATEQGAYWGQGTQVTVSS,46.0
EVQLQASGGGLVQAGGSLRLSCAASGRTFSDYAMGVWFRQAPGKERVFVAAISWAFTTRYADSVKDRFTISRDNAQDTVYLQMNSLKLEDTAVYYCAARNEPFELLTPSTRHENLYWGQGTQVTVSS,70.0
EVQLQAYGGGLVQTGDSLTLSCAVSGPTWSVNAMAVWFRQVPGKEPVFVAALSREGGYTFYADFVKGRFTISRDNAKNTMSLQMNGLEPEDAAVYYCAGRTGIQLRETLSDYQYRGQGTQVTVSS,65.0
EVQLQASGGGLVQAGGSLRLSCAASGRTFSTYIMGWWFRQAPGKEREFVAVKWNSGLVAYVDSVKGRFTISRDSAKNTIYLQMNSLNPEDTAVYYCAAKSQFDDGDYYSPLTYGYWGQGTQVTVSS,70.0
EVQLQASRGGLVQAGGSLRLSCAASGRTFTSSVMGWWFRQAPGKEREFVSSLIWSSGSTVYADSVKGRFTISRDNAKNTVYLQMNSLKPEDTALYYCVAKTTRYYRRGYDVPEEYDKWGQGTQITVSS,65.0
EVQLQASGGGLVQPGGSLRLNCAASGTDLSIYDMAWHRQAPGKQRELVAELPRGGSQNYAASVKGRFTISRDNAKNTVWLQMDSLRPEDTAVYFCNARFSRGGMFSSYWGQGTQVTVSS,64.0
EVQLQASGGGLVQAGGSLRLSCVASGVTFEKYDMGWFRQAPGKEREFVAAISSRSRTRYADSVKGRFTVSRDNAKATVYLQMNSLKSEDTAVYHCAGTSSLILWNNDSHRTGSYTYWGQGTQVTVSS,72.0
EVQLQASGGGLVQAGGSLRLSCLASGRTLNTYAMAWFRRTPEKEPEFLTGIAWSNGVTTHADSVKGRFTISRDSAKNTVYLQMNNLKPEDTGLYSCAAGWRRAYGGSWTRYETGPYDYWGQGTQVTVSS,62.0
EVQLQASGGGLVQAGGSLRLSCAASGFTNERSQNMGWFRQAPGKEREGVACISSRVVECWYADSVKGRFTISRDNAKNTVYLQMNSLKPEDTAVYYCAAPRAITGTSFVGEHMCDYWGQGTQVTVSS,43.38
EVQLQASGGGLVQAGGSLRLSCAASGFTNERSQNMGWFRQAPGKEREGVACIQSRVVECWYADSVKGRFTISRDNAKNTVYLQMNSLKPEDTAVYYCAAPRAITWHSFVGEHMCDYWGQGTQVTVSS,57.47
EVQLQASGGGLVQAGGSLRLSCAASGFTNERSQNMGWFRQAPGKEREGVACIQSRVVECWYADSVKGRFTISRDNAKNTVYLQMNSLKPEDTAVYYCAAPRAITWTVFVGEHMCDYWGQGTQVTVSS,60.59
EVQLQASGGGLVQAGGSLRLSCAASGFTNERSQNMGWFRQAPGKEREGVACIQSRVVECWYADSVKGRFTISRDNAKNTVYLQMNSLKPEDTAVYYCAAPRAITGHVFVGEHMCDYWGQGTQVTVSS,60.01
EVQLQASGGGLVQAGGSLRLSCAASGFTNERSQNMGWFRQAPGKEREGVACIQSRVVECWYADSVKGRFTISRDNAKNTVYLQMNSLKPEDTAVYYCAAPRAITGHSAVGEHMCDYWGQGTQVTVSS,43.08
EVQLQASGGGLVQAGGSLRLSCAASGFTNERSQNMGWFRQAPGKEREGVACISSRVVECWYADSVKGRFTISRDNAKNTVYLQMNSLKPEDTAVYYCAAPRAITWHVFVGEHMCDYWGQGTQVTVSS,51.16
EVQLQASGGGLVQAGGSLRLSCAASGFTNERSQNMGWFRQAPGKEREGVACIQSRVVECWYADSVKGRFTISRDNAKNTVYLQMNSLKPEDTAVYYCAAPRAITWHVFVGEHMCDYWGQGTQVTVSS,48.91
EVQLQASGGGLVQAGGSLRLSCAASGFTNERSQNMGWFRQAPGKEREGVACISSRVVECWYADSVKGRFTISRDNAKNTVYLQMNSLKPEDTAVYYCAAPRAITWHVAVGEHMCDYWGQGTQVTVSS,50.74
QVKLEESGGGLVQAGGSLRLSCAASGRTYSTYAMGWFRQTPGKERELVAAINWSGGNTHYADSVKGRFTISRDNAKSTVYLQMNSLKPEDTAVYYCAAPKGHTGDHYWGPGTQVTVSS,66.0
QVQLVESGGSLVQPGGSLRLSCAASGRFAESSSMGWFRQAPGKEREFVAAISWSGGATNYADSAKGRFTLSRDNTKNTVYLQMNSLKPDDTAVYYCAANLGNYISSNQRLYGYWGQGTQVTVSS,52.35
QVQLVESGGSLVQPGGSLRLSAAASGRFAESSSMGWFRQAPGKEREFVAAISWSGGATNYADSAKGRFTLSRDNTKNTVYLQMNSLKPDDTAVYYCAANLGNYISSNQRLYGYWGQGTQVTVSS,47.25
QVQLVESGGSLVQPGGSLRLSCAASGRFAESSSMGWFRQAPGKEREFVAAISWSGGATNYADSAKGRFTLSRDNTKNTVYLQMNSLKPDDTAVYYAAANLGNYISSNQRLYGYWGQGTQVTVSS,46.8
QVQLVESGGSLVQPGGSLRLSAAASGRFAESSSMGWFRQAPGKEREFVAAISWSGGATNYADSAKGRFTLSRDNTKNTVYLQMNSLKPDDTAVYYAAANLGNYISSNQRLYGYWGQGTQVTVSS,47.02
EVQLQASGGGLVQSGGSLRLSCAGSGGTESSYRMAWFRQAPGTERVFVARVSDGGGSILYADSAKGRFTISRDNGKNTIHLQMFSLKPEDTAVYFCAAAFSWMPPSTVAADYEYWGQGTQVTVSS,51.0
DVQLQASGGGLVQPGGSLGLSCAASGRTFSRYAMAWFRQAPGKEREFVAAISRSGHATRYADSAAESRFTISRDNAKNTVYLQMNSLKPEDTAVYYCAAPASERTVLPGTERDEYDYWGQGTQVTVSS,50.0
DVQLQASGGGLVQAGGSLRLSCATSGISVSNSDMGWYRQGPGKQRELVARNSRAGTTNYLDSVKGRFTISRDNAKNMVFLQMNSLKLEDTAVYYCNTNPINRWNIWGQGAQVTVSS,75.0
DVQLQASGGGLVEAGGSLRLSCTTSGISVRNSDMGWYRQGPGKQRELIARSSRGGATNYLDSVTGRFTISRDNIKNTVFLQMNSLKPEDTAVYYCNTNPINHWNYWGQGTQVTVSS,60.0
EVQLQASGGGLVQAGGSLRLTCVASGLTFVNYALDWYRQAPGKERELVAGMWSDGVAYYGDFVKGRFTMSRDNAKNMVYLQMNSLEPEDTAVYSCAARSRPTTQYDYWGQGTQVTVSS,72.0
DVQLQASGGGLVQAGGSLRLSCVASGLTFVNYAIDWYRQAPGKEREVVAGMWNDGVAYYGDFVKGRFTIARDNAKNTVYLQMNNLKPEDTAVYFCGARSRPNLQYDYWGQGTQVTVSS,54.0
DVQLQASGGGLVQAGGSLRLSCAASSGTFSSYTMGWFRQAPGKERELVARLSQSLTTLYADSVKGRFTISRDNAENTVYLQNNSLKPEDTGVYYCAAHPGTYGSAWLISPHDYAYWGQGTQVTVSS,54.0
DVQLQASGGGLVQAGGSLRISCAASGGALSDYNMGWFRQAPGKEREFVAVVTWSGGSTRYADSVNGRFTISRDNAKNTVYLQMNSLKPEDTAVYYCAAAPLTPFQSLGDMKAYNYWGQGTQVTVSS,67.0
EVQLQASGGGLVQTGGSLRLACAGSGRSFNNYGMGWFRQAPGKERQFVAAISGNDHTTHYSDSVKGRFTISRDNAKTTVYLQMNSLKPEDTAVYYCAADRLGSFFFPRASPSDYGYWGQGTQVTVSS,68.0
EVQLQASGGGLVQPRGSLRLSCAASGSIFSINAMGWYRQTPEKQRELVATISSSGSTKYGDSVKGRFTISRDNAKNTVYLQMNSLKPEDTAVYYCNTQTAGLVADWGTSHYDYWGQGVQVTVSS,60.0
EVQLQASGGGLVQPGGSLRLSCTASGSIFSINAMGWYRQTPRKERELVAAISEGGSTKYGDSVKGRFTISRDFAKNTQMVYLQMNSLKAEDTAVYYCKAQTEGPIADWGTSQYEYWGQGTQVTVSS,51.0
EVQLQASGGGLAQAGGSLQLSCAAPGRPVRTYTMGWFRQAPGKEREFVAANNWRGTRYAGSVRGRESISRDNSKNTVYLQMNSLKPEDTAVYYCACAVTADLLLSGNYFRGQDYDYWGQGTQVTVSS,60.0
EVQLQASGGGSVPPGGSLRLSCTASLRAFSTYTMGWFRQAPGKEREFVAASNWRGTDFHDSVRGRFIISRDNTEKTVLQMNSLKPEDTAIYYCAADGSTWLKRSDYSYWGQGTQVTVSS,62.0
EVQLQASGGGLVQAGGSLRLSCTASLRAFSTYTMGWFRQAPGKEREFVAASNWRGTDFHDSVKGRFIISRDNTKKTVDLQMNSLKPEDTAIYYCAADGSTWLKRSDYSYWGQGTQVTVSS,46.0
EVQLQASGGGLVEPGGSLRLSCAVSGINFNINHWGWYRQAPGKQREWVATIAIGGATDYADSLKGRFTISRDNMKNTVYLQMSSLRPEDTAVFYCNGVGSKWSDRWGQGTQVTVSS,61.0
EVQLQASGGGLVEPGGSLRLSCAVSGINFNINHWGWYRQAPGKQREWVATIAIGGATDYADSLKGRFTISRDNMKNTVYLQMNSLRPEDTAVYYCNGVGSKWSVRWGQGTQVTVSS,62.0
QVQLVESGGGLVQPGGSLRLHCAASGSIASIYRTCWYRQGTGKQRELVAAITSGGNTYYADSVKGRFTISRDNAKNTIDLQMNSLKPEDTAVYYCNADEAGIGGFNDYWGQGTQVTVSS,66.0
QVQLVESGGGLVQAGGSLRLSCAASGRTFSRSSMGWFRQAPGKEREFVASIVWADGTTLYGDSVKGRFTVSRDNVKNMVYLQMNNLKPEDTALYYCADNKFVRGLVAVRAIDYDYWGQGTQVTVSS,65.0
QVQLVESGGGLVQPGGSLRLSCAASGFTLDDYAIGWFRQVPGKEREGVACVKDGSTYYADSVKGRFTISRDNGAVYLQMNSLKPEDTAVYYCASRPCFLGVPLIDFGSWGQGTQVTVSS,70.0
QVQLVESGGGLVQAGGSLRLSCATSGGTFSDYGMGWFRQAPGKEREFVAAIRRNGNGGNGIEYADSVKGRFTISRDNAKNTVHLQMNSLTPEDTAVYYCAASISGYAYNTIERYNYWGQGTQVTVSS,74.0
DVQLQASGGGLAQAGGSLRLSCAYSGDTYNDYAMAWFRQAPGKGREFVAAIRARGGGTEYLDSVKGRFTISRDNGENTAYLQMDNLQPDDTALYFCALAMGGYAYRAFERYSVWGQGTQVTVSS,70.0
QVQLVESGGGLVQAGGSLRLSCATSGGTFSDYGMGWFRQAPGKEREFVCAIRRNGNGGNGIEYADSVKGRFTCSRDNAKNTVHLQMNSLTPEDTAVYYCAASISGYAYNTIERYNYWGQGTQVTVSS,85.0
EVQLVESGGGLVQAGDSLRLSCTASGRTFSRAVMGWFRQAPGKEREFVAAISAAPGTAYYAFYADSVRGRFSISADSAKNTVYLQMNSLKPEDTAVYYCAADLKMQVAAYMNQRSVDYWGGTQVTVSS,85.0
QVQLQESGGGLVQPGGSLRLSCEASGFTFSAYPMSWVRQAPGKGLEWVATITNGGGFTDYADSVKGRFTISRDNAKNTMYLQLNKLKTEDTALYYCAQGSAMTSVLPPTPKGQGTQVTVSS,65.0
QVQLQESGGGSVQAGGSLRLSCAASKVTASRYCMGWFRQAPGKEREGVARVWPGGGRTYYAESVKGRFTISQDNAKNTVYLQMNSLKPEDTAMYYCAATPAEYYSGGYYCGGAPREYDYWGQGTQVTVSS,65.0
MVQLQESGGGSVQAGGSLRLSCVASGDTASMYCMGWFRQAPGKEREEVATIDSDGSVSIADSLKGRFTISKDSANNALYLHMNSLRPEDTANYYCAAGRPPCGSIFKPGYYYYGMDYWGKGTLVTVSS,50.75
DVQLQASGGGLVQTGGSLRLSCENSGRALRIMGWFRQAPGKEREFVATINRNGESTYYSDSVKGRFTISRDNNKNTVYLQMNNLKPEDTGVYNCAADRPGPTQIKTRADDYDYWGEGTQVTVSS,59.0
DVQLQASGGGLVQAGDSLTLSCAASGRTVSPYGVGWFRQAPGREREFVAALSRSGTFTAYADSVKGRFTISRDNAKNTVYLQMNSLKPDDTAVYHCAARSASSYYSTYRKEDDYHYWGQGTQVTVSS,60.0
DVQLQASGGGLVQAGASLRLSCAASGFTYTMGWFRQAPGQEREFVAAIARSGGTTYYTDSVKGRFTISRDNAKKTVFLQLNSLKPEDTAVYYCAADALPYSAQSMSTRNPGYWGQGTQVTVSS,48.0
EVQLQASGGGLAQPGGSLRLSCAASGFTLVYYGIGWFRQAPGKEREGVSCISSNDGTTYYADSVKGRFTISRDNAKNTVYLQMNSLKPEDTAVYYCATELGNTHRGSYFPKQRVERCHTGDFASWGQGTQVTVSS,64.0
EVQLQASGGGLAQPGGSLRLSCAASGFTLVYYGIGWFRQAPGKEREGVSCISSNDGSTYYADSVKGRFTISRDAAKNTVYLQMNSLKPEDTAVYYCATELGNTHRGSFFPNRRVERCRTDDFASWGQGTQVTVSS,63.0
DVQLQASGGGVVQPGGSLRLSCVASGFTLVYYGIGWFRQAPGKEREGVSCISSNDGSTYYADSVKGRFTISRDAAKNTVYLQMNSLKPEDTAVYYCATELGNTHRGSFFPNRRVKRCRTDDFASWGQGTQVTVSS,64.0
DVQLQASGGGLVQPGGSLRLSCAASGFTLVYYGIGWFRQAPGKEREGVSCISSYDGTTYYADSVKGRFTISRDNAKNTVYLQMNSLKPEDTAVYYCATELGNTHRGSYFPKQRVERCHTGDFASWGQGTQVTVSS,65.0
EVQLQASGGGLVQPGGSLRLSCVASGFTLVYYGIGWFRQAPGKEREGVSCISSNDGSTYYADSVKGRFTISRDAAKNTMYLQMNSLKPEDTAVYYCATELGNTHRGSFFPNRRVERCRTDDFASWGQGTQVTVSS,66.0
QVKLEESGGGLVQAGGSLRLSCAASERTFSRYPVAWFRQAPGAEREFVAVISSTGTSTYYADSVKGRFTISRDNAKVTVYLQMNNLKREDTAVYFCAVNSQRRRLQDPNEYDYWGQGTQVTVSS,79.1
QVKLEESGGGLVQAGGSLRLSCAASERTFSRYPVAWFRQAPGAEREFVAVISSTGRSTYYADSVKGRFTISRDNAKVTVYLQMNNLKREDTAVYFCAVNSQRTRLQDPNEYDYWGQGTQVTVSS,77.2
QVKLEESGGGLVQAGGSLRLSCAASERTFSRYPVAWFRQAPGAEREFVAVISSTGTSTYYADSVKGRFTISRDNAKVTVYLQMNNLKREDTAVYFCAVNSKRTRLQDPNEYDYWGQGTQVTVSS,81.4
QVKLEESGGGLVQAGGSLRLSCAASERTFSRYPVAWFRQAPGAEREFVAVISSTGTSTYYADSVKGRFTISRDNAKVTVYLQMNNLKREDTAVYFCAVNSQRKRLQDPNEYDYWGQGTQVTVSS,78.5
QVKLEESGGGLVQAGGSLRLSCAASERTFSRYPVAWFRQAPGAEREFVAVISSRGTSTYYADSVKGRFTISRDNAKVTVYLQMNNLKREDTAVYFCAVNSQRTRLQDPNEYDYWGQGTQVTVSS,75.5
QVKLEESGGGLVQAGGSLRLSCAASERTFSRYPVAWFRQAPGAEREFVAVISSTGTSKYYADSVKGRFTISRDNAKVTVYLQMNNLKREDTAVYFCAVNSQRTRLQDPNEYDYWGQGTQVTVSS,76.9
QVKLEESGGGLVQAGGSLRLSCAASERTFSRYPVAWFRQAPGAEREFVAVISSTGISTYYADSVKGRFTISRDNAKVTVYLQMNNLKREDTAVYFCAVNSQRTRLQDPNEYDYWGQGTQVTVSS,76.5
QVKLEESGGGLVQAGGSLRLSCAASERTFSRYPVAWFRQAPGAEREFVAVISSTGTSTYYADSVKGRFTISRDNAKVTVYLQMNNLKREDTAVYFCAVNSQRMRLQDPNEYDYWGQGTQVTVSS,77.4
QVKLEESGGGLVQAGGSLRLSCAASERTFSRYPVAWFRQAPGAEREFVAVISSTGTSTYYADSVKGRFTISRDNAKVTVYLQMNNLKREDTAVYFCAVNSQRTRLQDPREYDYWGQGTQVTVSS,77.6
QVKLEESGGGLVQAGGSLRLSCAASERTFSRYPVAWFRQAPGAEREFVAVISSTGTSTYYADSVKGRFTISRDNAKVTVYLQMNNLKREDTAVYFCAVNSQRWRLQDPNEYDYWGQGTQVTVSS,77.5
QVKLEESGGGLVQAGGSLRLSCAASERTFSRYPVAWFRQAPGAEREFVAVISSTGTSTYYADSVKGRFTISRDNAKVTVYLQMNNLKREDTAVYFCAVNSQRTRLQRPNEYDYWGQGTQVTVSS,70.8
QVKLEESGGGLVQAGGSLRLSCAASERTFSRYPVAWFRQAPGAEREFVAVISSTGTSTYYADSVKGRFTISRDNAKVTVYLQMNNLKREDTAVYFCAVNSQRTRLQNPNEYDYWGQGTQVTVSS,74.9
QVKLEESGGGLVQAGGSLRLSCAASERTFSRYPVAWFRQAPGAEREFVAVISSTGTSTYYADSVKGRFTISRDNAKVTVYLQMNNLKREDTAVYFCAVNSQRTRLQDPNQYDYWGQGTQVTVSS,78.1
QVKLEESGGGLVQAGGSLRLSCAASERTFSRYPVAWFRQAPGAEREFVAVISSWGTSTYYADSVKGRFTISRDNAKVTVYLQMNNLKREDTAVYFCAVNSQRTRLQDPNEYDYWGQGTQVTVSS,74.0
QVKLEESGGGLVQAGGSLRLSCAASERTFSRYPVAWFRQAPGAEREFVAVISSYGTSTYYADSVKGRFTISRDNAKVTVYLQMNNLKREDTAVYFCAVNSQRTRLQDPNEYDYWGQGTQVTVSS,76.0
QVKLEESGGGLVQAGGSLRLSCAASERTFSRYPVAWFRQAPGAEREFVAVISSTGTSTYYADSVKGRFTISRDNAKVTVYLQMNNLKREDTAVYFCAVNSQRTRLQYPNEYDYWGQGTQVTVSS,73.4
QVKLEESGGGLVQAGGSLRLSCAASERTFSRYPVAWFRQAPGAEREFVAVISSTGTSTYYADSVKGRFTISRDNAKVTVYLQMNNLKREDTAVYFCAVNSQRTWLQDPNEYDYWGQGTQVTVSS,77.3
QVKLEESGGGLVQAGGSLRLSCAASERTFSRYPVAWFRQAPGAEREFVAVISRTGTSTYYADSVKGRFTISRDNAKVTVYLQMNNLKREDTAVYFCAVNSQRTRLQDPNEYDYWGQGTQVTVSS,74.0
QVKLEESGGGLVQAGGSLRLSCAASERTFSRYPVAWFRQAPGAEREFVAVISSTGTSTYYADSVKGRFTISRDNAKVTVYLQMNNLKREDTAVYFCAVNSQRTRLLDPNEYDYWGQGTQVTVSS,80.0
QVKLEESGGGLVQAGGSLRLSCAASERTFSRYPVAWFRQAPGAEREFVAVISSTGTSTYYADSVKGRFTISRDNAKVTVYLQMNNLKREDTAVYFCAVNSQRTRLWDPNEYDYWGQGTQVTVSS,79.7
QVKLEESGGGLVQAGGSLRLSCAASERTFSRYPVAWFRQAPGAEREFVAVISSTGTSTYYADSVKGRFTISRDNAKVTVYLQMNNLKREDTAVYFCAVNSQRTRLYDPNEYDYWGQGTQVTVSS,79.0
QVKLEESGGGLVQAGGSLRLSCAASERTFSRYPVAWFRQAPGAEREFVAVISSTGTSTYYADSVKGRFTISRDNAKVTVYLQMNNLKREDTAVYFCAVNSQRTRLFDPNEYDYWGQGTQVTVSS,81.0
QVKLEESGGGLVQAGGSLRLSCAASERTFSRYPVAWFRQAPGAEREFVAVISSTGRSTYYADSVKGRFTISRDNAKVTVYLQMNNLKREDTAVYFCAVNSKRRRLQDPNEYDYWGQGTQVTVSS,81.6
QVKLEESGGGLVQAGGSLRLSCAASERTFSRYPVAWFRQAPGAEREFVAVISSTGRSTYYADSVKGRFTISRDNAKVTVYLQMNNLKREDTAVYFCAVNSQRRRLQDPNEYDYWGQGTQVTVSS,78.5
QVKLEESGGGLVQAGGSLRLSCAASERTFSRYPVAWFRQAPGAEREFVAVISSTGRSTYYADSVKGRFTISRDNAKVTVYLQMNNLKREDTAVYFCAVNSKRMRLQDPNEYDYWGQGTQVTVSS,80.9
QVKLEESGGGLVQAGGSLRLSCAASERTFSRYPVAWFRQAPGAEREFVAVISSTGRSTYYADSVKGRFTISRDNAKVTVYLQMNNLKREDTAVYFCAVNSKRKRLQDPNEYDYWGQGTQVTVSS,81.3
QVKLEESGGGLVQAGGSLRLSCAASERTFSRYPVAWFRQAPGAEREFVAVISSTGRSTYYADSVKGRFTISRDNAKVTVYLQMNNLKREDTAVYFCAVNSQRKRLQDPNEYDYWGQGTQVTVSS,78.5
QVKLEESGGGLVQAGGSLRLSCAASERTFSRYPVAWFRQAPGAEREFVAVISSTGRSTYYADSVKGRFTISRDNAKVTVYLQMNNLKREDTAVYFCAVNSKRTRLQDPNEYDYWGQGTQVTVSS,81.4
QVKLEESGGGLVQAGGSLRLSCAASERTFSRYPVAWFRQAPGAEREFVAVISSTGTSTYYADSVKGRFTISRDNAKVTVYLQMNNLKREDTAVYFCAVNSKRRRLQDPNEYDYWGQGTQVTVSS,81.9
QVKLEESGGGLVQAGGSLRLSCAASERTFSRYPVAWFRQAPGAEREFVAVISSTGRSTYYADSVKGRFTISRDNAKVTVYLQMNNLKREDTAVYFCAVNSQRMRLQDPNEYDYWGQGTQVTVSS,77.0
QVKLEESGGGLVQAGGSLRLSCAASERTFSRYPVAWFRQAPGAEREFVAVISSTGTSTYYADSVKGRFTISRDNAKVTVYLQMNNLKREDTAVYFCAVNSKRMRLQDPNEYDYWGQGTQVTVSS,81.3
QVKLEESGGGLVQAGGSLRLSCAASERTFSRYPVAWFRQAPGAEREFVAVISSTGTSTYYADSVKGRFTISRDNAKVTVYLQMNNLKREDTAVYFCAVNSKRKRLQDPNEYDYWGQGTQVTVSS,81.5
QVQLVESGGALVQPGGSLRLSCAASGFPVSSSTMTWYRQAPGKEREWVAAISSSGSTTTYEDSVKGRFTISRDDARNTVYLQMNSLKPEDTAVYYCTVTVGSTYTGQGTQVTVSS,74.0
QVQLVESGGALVQPGGSLRLSCAASGFPVSSSTMTWYRQAPGKEREWVAAISSSGSTTTYEDSVKGRFTISRDDARNTVYLQMNSLKPEDTAVYYCNVKDSGSSSSSYDYWGQGTQVTVSS,75.0
DVQLVESGGGSVQAGGSLRLSCAASGYIASINYLGWFRQAPGKEREGVAAVSPAGGTPYYADSVKGRFTVSLDNAENTVYLQMNSLKPEDTALYYCAAARQGWYIPLNSYGYNYWGQGTQVTVSS,74.0
QVQLVESGGGSVQAGGSLRLSCAASGSISSITYLGWFRQAPGKEREGVAALSTSSGTTYYADSVKGRFTVSLDNAENTVYLQMNSLKPEDTALYYCAAASSGSSSPLSSSSYTYWGQGTQVTVSS,95.0
QVQLVESGGGSVQAGGSLRLSCAASGDTYGSYWMGWFRQAPGKEREGVAAINRGGGYTVYADSVKGRFTISRDTAKNTVYLQMNSLRPDDTADYYCAASGVLGGLHEDWFNYWGQGTQVTVSS,70.0
QVQLVESGGGLVQPGGSLRLSCAASGDTYGSYWMGWFRQAPGQGLEAVAAINRGGGYTVYADSVKGRFTISRDNSKNTLYLQMNSLRAEDTAVYYCAASGVLGGLHEDWFNYWGQGTLVTVSS,74.0
QVQLVESGGGLVQPGGSLRLSCAASGGSEYSYSTFSLGWFRQAPGQGLEAVAAIASMGGLTYYADSVKGRFTISRDNSKNTLYLQMNSLRAEDTAVYYCAAVRGYFMRLPSSHNFRYWGQGTLVTVSS,73.7
EVQLGESGGGSVQAGGSLRLSCAASGYMYSTYSTYCMGWFRQAPGKEREGVAFIKRGDHSTYYTDSVKGRFTISQDSAKNTVSLQMNNLKPEDTAIYYCAADFAHSFLLSVHSGAGQYSYWGQGTQVTVSS,75.6
EVQLGESGGGSVQAGGSLRLSCAASGYMYSTYSTYCMGWFRQAPGKEREGVAFIKRGDHSTYYTDSVKGRFTISQDSAKNTVSLQMNNLKPEDTAIYYCAADFAHSFLLSCHSGAGQYSYWGQGTQVTVSS,70.5
EVQLGESGGGSVQAGGSLRLSCAASGYMYSTYSTYCMGWFRQAPGKEREGVAFIKRGDHSTYYTDSVKGRFTISQDSAKNTVSLQMNNLKPEDTAIYYCAADFAHSFLLSVCSGAGQYSYWGQGTQVTVSS,63.9
QVQLQESGGGSVQAGGSLRLSCAVSGYTYSRNCIGWFRQAPGKEREGVAALYTGGGSTYYAASVKGRFTISQDTKNTVYLQMNSLKPEDSAMYYCAANPFGLYTCGDLRGPDFGYWGQGTQVTVSS,70.95
QVQLQESGGGSVQAGGSLRLSCVASGYTYSNLVMAWFRQAPGKEREGVAAITAYGSMTYYADSVKGRFTIARDAKNTVYLQMNSLKSEDTAIYYCAARDYWSSSGSWYNGGTYNIWGQGTQVTVSS,73.8
QVQLQESGGGSVQAGGSLRLSCVVSGYTYSAYYLAWFRQAPGKEREGVACIHSGSGSTYYADSAKGRFTISQDAKNTVYLQMNSLKREDTAIYYCAADYRFSYASACRHEYKYWGQGTQVTVSS,71.94
DVQLQASGGGLVQAGGSLRLSCAASGSTFSIKHHGWYRRAPGNQREWVAGISSENITNVAEAVKGRFTISRDNAKNTVYLQMNSLKVEDTAVYYCYAQDNDYRFLHREWGQGTQVTVSL,56.0
DVQLQASGGGLVQAGGSLRLSCAASGSTFSIKHHGWYRRAPGNQREWVAGINSENITNVAGAVKGRFTISRDNAKNTVYLQMNSLKVEDTAVYFCYAQDNDYRFLHRFWGQGTQVTVSL,52.0
DVQLQASGGGLVQAEGSLRLSCAASGSTFGIKHHGWYRRAPGNQREWVAGISSENITNVAEAVKGRFTISRDNAKNTVYLQMNSLKVEDTAVYYCYAQDNNYRFLHRFWGQGTQVTVSL,49.0
EVQLQASGGGLVQPGGSLRLSCVASGGIFRISTLEWYRQAPGKQREVVAQITAGGSTHHADSVKGRFTISRDDAKDTVYLQMNSLKPEDTAVYVCSAYGNLRRYWGQGTQVTVSS,64.0
DVQLQASGGGLVQPGGSLRLSCVTSESIFRLSTLEWYRQAPGNQRKVVAQITSGGSTHHADSVKGRFTISRDDAKNTVYLQMNNLKPEDTAVYVCSAYVNLTRYWGQGTQVTVSS,62.0
DVQLQASGGGLVQPGGSLRLSCAASGNIFSINTMAWYRQAPGKQRELVAQITSGGSTYVANSVKGRFTVSRDNTKNTVYLQIDSLNPEDTAVYYCQMPKYDNWGQGTQVTVSS,62.0
QVQLQESGGGLVQAGGSLRLSCAASGLTFSTYDMGWYRQAPGKEREFVAAIDYSGGSTYYADSVKGRFTISRDNARNTVYLQMNSLEPEDTAIYYCADFFNNQSSTTVYYWGQGTQVTVSS,74.5
QVQLQESGGGLVQAGGSLRLSCAASGRTFSSYDMGWYRQAPGKEREFVAAISWSGGSTYYADSVKGRFTISRDNAKNTVYLQMNSLKPEDTAIYYCALADEEGGLNPSTVYYWGQGTQVTVSS,70.3
QVQLQESGGGSVQPGGSLRLSCAASGHTFSNLDMGWYRQAPGKKREFVAVSRWRDGSTFYADSVRGRFTISRDNAKNTVYLQMNSLEPEDTAVYYCDDDDGGGGKRTVYYYWGQGTQVTVSS,57.8
QVQLQESGGGLVQAGGSLRLSCTASGRNFGDYTLGWFRQAPGQERQVVAAITWSGSMTYYADSVKGRFTISRDNAKNMGYLQMNSLKPEDTAVYSCAAADGGHQRSTTVWYYYWGPGTQVTVSS,67.0
QVQLQESGGGLVQPGGSLRLSCAASGFTISTTAMSWVRQAPGKGIEWVSTIFASGETTSYADFVQGRFITSRDNTKNTLYLQLNNLKTEDTAMYFCAAADDFGGLNNRYRGQGTQVTVSS,60.7
QVKLEESGGGLVQAGGSLRLSCVGPGFLLRSNTMGWYRQAPGKERELVAFIRPSGLTNYNDAVQGRFTISRDNAKNTVYLQMNALKPEDTAVYYCHTRPPFQRDSWGQGTQVTVSS,69.6
QVQLVESGGGLVQAGGSLRLSCVASGRTFIAYAMGWFRQAPGKEREFVAAITNFAGGTTYYADSVKGRFTISRDNAKTTVYLQMNSLKPEDTALYYCAADRSAQTMRQVRPVLPYWGQGTQVTVSS,71.6
QVQLVESGGGFVQAGGSLRLSCAASGRTFDNYVMAWFRQAPGKEREFVASISGSGSITNYANSVKDRFTISRDSAKNAIYLQMNSLKPEDTALYYCAAGSRRTYYREPKFYPSWGQGTQVTVSS,79.8
QVKLEESGGGLVQAGGSLKLSCAASGSTFSSSSVGWYRQAPGQQRELVAAITSGGSTNTADSVKGRFTMSRDNAKNTVYLQMRDLKPEDTAVYYCNVAGRNWVPISRYSPGPYWGQGTQVTVSS,67.2
EVQLVESGGGLVQPGGSLRLSCAASGFLLRSNTMGWYRQAPGKERELVSFIRPSGLTNYNDAVQGRFTISRDNSKNTLYLQMNSLRAEDTAVYYCHTRPPFQRDSWGQGTLVTVSS,61.6
EVQLVESGGGLVQPGGSLRLSCAASGFLLRSNTMGWYRQAPGKERELVAFIRPSGLTNYNDAVQGRFTISRDNSKNTLYLQMNSLRAEDTAVYYCHTRPPFQRDSWGQGTLVTVSS,68.6
EVQLVESGGGLVQPGGSLRLSCAGPGFLLRSNTMGWYRQAPGKERELVAFIRPSGLTNYNDAVQGRFTISRDNSKNTLYLQMNSLRAEDTAVYYCHTRPPFQRDSWGQGTLVTVSS,65.2
EVQLVESGGGLVQPGGSLRLSCAGPGFLLRSNTMGWYRQAPGKERELVAFIRPSGLTNYNDAVQGRFTISRDNAKNTVYLQMNSLRAEDTAVYYCHTRPPFQRDSWGQGTLVTVSS,67.5
EVQLVESGGGLVQPGGSLRLSCAASGRTFIAYAMGWFRQAPGKGLEFVSAITNFAGGTTYYADSVKGRFTISRDNSKNTLYLQMNSLRAEDTAVYYCAADRSAQTMRQVRPVLPYWGQGTLVTVSS,66.1
EVQLVESGGGLVQPGGSLRLSCAASGRTFIAYAMGWFRQAPGKEREFVSAITNFAGGTTYYADSVKGRFTISRDNSKNTLYLQMNSLRAEDTAVYYCAADRSAQTMRQVRPVLPYWGQGTLVTVSS,66.5
QVQLVESGGGLVQPGGSLRLSCAASGRIFIAYAMGWFRQAPGKEREFVAAITNFAGGTTYYADSVKGRFTISRDNSKNTLYLQMNSLRAEDTAVYYCAADRSAQTMRQVRPVLPYWGQGTLVTVSS,70.9
QVQLVESGGGLVQPGGSLRLSCAASGRTFIAYAMGWFRQAPGKEREFVAAITNFAGGTTYYADSVKGRFTISRDNAKTTLYLQMNSLRAEDTAVYYCAADRSAQTMRQVRPVLPYWGQGTLVTVSS,66.8
QVQLVESGGGLVQPGGSLRLSCAASGRTFIAYAMGWFRQAPGKEREFVAAITNFAGGTTYYADSVKGRFTISRDNAKTTVYLQMNSLRAEDTAVYYCAADRSAQTMRQVRPVLPYWGQGTLVTVSS,68.1
EVQLVESGGGLVQPGGSLRLSCAASGRTFDNYVMAWFRQAPGKGLEFVSSISGSGSITNYANSVKDRFTISRDNSKNTLYLQMNSLRAEDTAVYYCAAGSRRTYYREPKFYPSWGQGTLVTVSS,78.0
EVQLVESGGGLVQPGGSLRLSCAASGRTFDNYVMAWFRQAPGKEREFVSSISGSGSITNYANSVKDRFTISRDNSKNTLYLQMNSLRAEDTAVYYCAAGSRRTYYREPKFYPSWGQGTLVTVSS,73.2
QVQLVESGGGLVQPGGSLRLSCAASGRTFDNYVMAWFRQAPGKEREFVASISGSGSITNYANSVKDRFTISRDNSKNTLYLQMNSLRAEDTAVYYCAAGSRRTYYREPKFYPSWGQGILVTVSS,78.6
QVQLVESGGGLVQPGGSLRLSCAASGRTFDNYVMAWFRQAPGKEREFVASISGSGSITNYANSVKDRFTISRDSSKNALYLQMNSLRAEDTAVYYCAAGSRRTYYREPKFYPSWGQGTLVTVSS,76.0
QVQLVESGGGLVQPGGSLRLSCAASGRTFDNYVMAWFRQAPGKEREFVASISGSGSITNYANSVKDRFTISRDSAKNAIYLQMNSLRAEDTAVYYCAAGSRRTYYREPKFYPSWGQGTLVTVSS,80.9
EVQLVESGGGLVQPGGSLRLSCAASGSTFSSSSVGWYRQAPGKGLELVSAITSGGSTNTADSVKGRFTISRDNSKNTLYLQMNSLRAEDTAVYYCNVAGRNWVPISRYSPGPYWGQGTLVTVSS,63.3
EVQLVESGGGLVQPGGSLRLSCAASGSTFSSSSVGWYRQAPGKQRELVSAITSGGSTNTADSVKGRFTISRDNSKNTLYLQMNSLRAEDTAVYYCNVAGRNWVPISRYSPGPYWGQGTLVTVSS,60.9
QVQLVESGGGLVQPGGSLRLSCAASGSTFSSSSVGWYRQAPGQQRELVAAITSGGSTNTADSVKGRFTISRDNSKNTLYLQMNSLRAEDTAVYYCNVAGRNWVPISRYSPGPYWGQGTLVTVSS,64.7
QVQLVESGGGLVQPGGSLRLSCAASGSTFSSSSVGWYRQAPGQQRELVAAITSGGSTNTADSVKGRFTISRDNAKNTVYLQMNSLRAEDTAVYYCNVAGRNWVPISRYSPGPYWGQGTLVTVSS,70.4
EVQLQASGGGLVQPGGSLRLSCVASGIDFSTNVPTWYRQAPGKQRDLVAVITTNGLTRYADSVKGRFTISKDNAKNAVYLQMNSLKPEDTAVYYCNAFVGLTDYWGQGTQVTVSS,58.0
EVQLQAYGGGLVQPGGSLRLSCEASGTTERTINAGWSRQAPGKEREWVGVITSSGMTRYADFAKGRFTISRDNSKNTVFLHMNSLKPEDTAVYYCTTGGKWGQGTQVTVSS,67.0
EVQLQASGGGLVQAGESLRLSCVASGSSLSLNAKAWYRQAPGKLRELVAAIGSGGSTVYSDSVKGRFIISRDDAKNTIYLQMNSLKPEDTAVYYCNRGGHWGQGTQVTVSS,57.0
EVQLQASGGGLVQAGGSLKVSCVASGFARSPYTMKWYRQAPGKQRELVAAVSSGGNPIYAESVRGRFTISRDNTKNTVWLQMDSMNPEDTAVYYCNYGNHWGQGTQVTVSS,60.0
EVQLQESGGGSVQAGGSLRLSCVTSQNLFEYYTMGWYRQVPGSQRERVALINNGGSTVAGSVEGRFTISRDHAKNSVYLQMNYLKPEDSAVYYCRAFGPADYWGQGTQVTVSS,60.0
EVQLVESGGGSVQAGDSLRLSCVTSQNLFEYYTMGWYRQVPGSQRELVALINNGGSTVAGSVEGRFTISRDHAKNSVYLQMNYLQPEDSAVYYCRAFGPADYWGQGTQVTVSS,75.0
EVQLVESGGGSVQAGDSLRLSCVTSQNLFEYYTMGWYRQVPGSQRERVALINNGGSTVAGSVEGRFTISRDHAKNSVYLQMNYLQPEDSAVYYCRAFGPADYWGQGTQVTVSS,67.0
EVQLVESGGGSVQAGGSLRLSCVTSQNLFEYYTMGWYRQVPGSQRERVALINNGGSTVAGSVEGRFTISRDHAKNSVYLQMNYLQPEDSAVYYCRAFGPADYWGQGTQVTVSS,71.0
EVQLVESGGGSVQAGGSLRLSCVTSQNLFEYYTMGWYRQVPGSQRERVALINNGGSTVAGSVEGRFTISRDHAKNSVYLQMNYLKPEDSAVYYCRAFGPADYWGQGTQVTVSS,70.0
EVKLQASGGGSVQAGGSLRLSCVTSQNLFEYYTMGWYRQVPGSQRERVALINNGGSTVAGSVEGRFTISRDHAKNSVYLQMNYLKPEDSAVYYCRAFGPADYWGQGTQVTVSS,59.0
QVKLQASGGGSVQAGGSLRLSCVTSQNLFEYYTMGWYRQVPGSQRERVALINNGGSTVAGSVEGRFTISRDHAKNSVYLQMNYLKPEDSAVYYCRAFGPADYWGQGTQVTVSS,57.0
QVKLQASGGGSVQAGGSLRLSCVTSQNLFEYYTMGWYRQVPGSQRERVALINNGGSTVAGSVVGRFTISRDHAKNSVYLQMNYLKPEDSAVYYCRAFGPADYWGQGTQVTVSS,56.0
QVKLQASGGGSVQAGGSLRLSCVTSQNLFEYYTMGWYRQVPGSQRERVALINNGGSTVAGSVKGRFTISRDHAKNSVYLQMNYLKPEDSAVYYCRAFGPADYWGQGTQVTVSS,58.0
QVKLQASGGGSVQAGGSLRLSCVTSQNLFEYYTMGWYRQVPGSQRERVALINNGGSTVAGSVKGRFTISRDHAKNSVYLQMNYLKREDSAVYYCRAFGPADYWGQGTQVTVSS,53.0
QVKLQASGGGSVQAGGSLRLSCVTSQNLFEYYTMGWYRQVPGSQRERVALINNGGSTVAGSVKGRFTISRDHAKNSVYLQMNYLKRADSAVYYCRAFGPADYWGQGTQVTVSS,43.0
EVQLQASGGGSVQAGGSLRLSCVTSQNLFEYYTMGWYRQVPGSQRERVALINNGGSTVAGSVEGRFTISRDHAKNSVYLQMNYLKPEDSAVYYCRAFGPADYWGQGTQVTVSS,62.0
EVQLQASGGGSVQAGGSLRLSCVASQNLFEYYTMGWYRQVPGSQRERVALINNGDSNVAGSVEGRFTISRDNAKNSIYLQMNNLKPEDSAVYYCRAFGPADYWGQGTQVTVSS,54.0
DVQLQASGGGLVQAGGTLRLSCAHSGRTSSTQFWGWFRQAPGKEREFVAGMSRSGLSTFVADSVKGRFAISRDSGKNTVYLQMNSLKPEDTAVYFCASSPFIGEHYYSSTKYHYWGQGTQVTVSS,71.0
EVQLQASGGGLVQAGGSLRLSCAASQNIFSINVMGWYRQAPGEQRELVAAITSGGSTNVADSVKGRVTISRDNAKNTVYLQMNSLKPEDTAVYYCAAEETYYSGSYYGDMEYWGQGTQATVSS,59.0
EVQLQASGGGLVRPGGSLRLSCAASGSFFTIDTMAWYRQAPGRRRELVARQSSGRSPDVDDSVVGRFTISRDIAKSSVYLQMDSLQPEDTALYYCYQSIRPWPGSSYEAHWGQGIQVIVSS,55.0
DVQLQASGGGFVQAGGSLRLTCVASGHTFGSYAMGWFRQAPGKEREFVAAISWSGGDTYADSVKGRFTISRDNAKNTVYLQMNSLEPEDTAVYSCAAVGARYYISKDAKDYGYWGQGTQVTVSS,71.0
DVQLQASGGGLVQPGGSLRLTCAASGLIFGSYAMGWFRQAPGKAREFVAAISWSGGDTYADSVKGRFTISRDNAKNTVYLQMNSLEPEDTAVYSCAAVGSKYYISKDAKDYGYWGQGTQVTVSS,73.0
EVQLQASGGGLVQPGGSLRLPCAASGLIFGSYAMGWFRQAPGKAREFVAAISWSGGDTYADSVKGRFTISRDNAKNTVYLQMNSLEPEDTAVYSCAAVGSKYYISKDAKDYGYWGQGTQVTVSS,55.0
EVQLQASGGGLVQAGDSLRLPCAASLRTFGSYALGWFRQAPGKEREFVAAISWSGGDTYADSVKGRFTISRDNAKSTVYLQMNSLEPEDTAVYSCAAVRARYYISKHATDYGFWGQGTQVTVSA,47.0
EVQLQASGGGLVQAGGSLRLTCAASGRTFGSYAMGWFRQAPGKEREFVAAISWSGGDTYADSVKGRFTISRDNAKNTVYLQMNSLEPEDTAVYWCAAVRARYYISKVAEDYGYWGQGTQVTVSS,70.0
DVQLQASGGGLVQAGGSLRLTCAASGRTFGSYAMGWFRQAPGKEREFVAAISWSGGDTYADSVKGRFTISRDNAKNTVYLQMNSLEPEDTAVYWCAAVRARYYISKVAEDYGYWGQGTQVTVSS,72.0
EVQLQASGGGLVQAGGSLRLPCAASGRTFGSYAMGWFRQAPGKEREFVAAISWSGGDTYADSVKGRFTISRDNAKNTVYLQMNSLEPEDTAVYWCAAVRARYYISKVAEDYGYWGQGTQVTVSS,59.0
EVQLQASGGGLVQAGGSLRLTCAASGRTFGSYAMGWFRQAPGKEREFVAAISWSGGDTYADSVKGRFTISRDNAKNTVYLQMNSLAPEDTAVYSCAAVGARYYISKDAKDYGYWGQGTQVTVSS,71.0
EVQLQASGGGLAQAGDSLRLSCAASIRTFGSYAMGWFRQAPGKEREFVAAISWSGGDTYADSAKGRFTISRDNAKNMMYLQMNSLAPEDTAVYFCAIVEAKYYISKDARDYGYWGQGTQVFVSS,63.0
EVQLVESGGGLVQAGDSLRLSCTAIGRTFSRAVMGWFRQAPGKEREFVAAISAAPGTAYYAFYADSVRGRFSISADSAKNTVYLQMNSLKPEDTAVYYCAADLKMQVAAYMNQRSVDYWGQGTQVTVSS,85.0
EVQLVESGGGLVQAGDSLRLSCTASGRTASRAVMGWFRQAPGKEREFVAAISAAPGTAYYAFYADSVRGRFSISADSAKNTVYLQMNSLKPEDTAVYYCAADLKMQVAAYMNQRSVDYWGQGTQVTVSS,84.0
EVQLVESGGGLVQAGDSLRLSCTASGRTLSRAVMGWFRQAPGKEREFVAAISAAPGTAYYAFYADSVRGRFSISADSAKNTVYLQMNSLKPEDTAVYYCAADLKMQVAAYMNQRSVDYWGQGTQVTVSS,85.0
EVQLVESGGGLVQAGDSLRLSCTASGRTFSRAVMGWFRQAPGKEREFVAAISAASGTAYYAFYADSVRGRFSISADSAKNTVYLQMNSLKPEDTAVYYCAADLKMQVAAYMNQRSVDYWGQGTQVTVSS,83.0
EVQLVESGGGLVQAGDSLRLSCTASGRTFSRAVMGWFRQAPGKEREFVAAISAAPGTAAYAFYADSVRGRFSISADSAKNTVYLQMNSLKPEDTAVYYCAADLKMQVAAYMNQRSVDYWGQGTQVTVSS,82.0
EVQLVESGGGLVQAGDSLRLSCTASGRTFSRAVMGWFRQAPGKEREFVAAISAAPGTAPYAFYADSVRGRFSISADSAKNTVYLQMNSLKPEDTAVYYCAADLKMQVAAYMNQRSVDYWGQGTQVTVSS,84.0
EVQLVESGGGLVQAGDSLRLSCTASGRTFSRAVMGWFRQAPGKEREFVAAISAAPGTAYYAFYADSVRGAFSISADSAKNTVYLQMNSLKPEDTAVYYCAADLKMQVAAYMNQRSVDYWGQGTQVTVSS,74.0
EVQLVESGGGLVQAGDSLRLSCTASGRTFSRAVMGWFRQAPGKEREFVAAISAAPGTAYYAFYADSVRGRFSIAADSAKNTVYLQMNSLKPEDTAVYYCAADLKMQVAAYMNQRSVDYWGQGTQVTVSS,83.0
EVQLVESGGGLVQAGDSLRLSCTASGRTFSRAVMGWFRQAPGKEREFVAAISAAPGTAYYAFYADSVRGRFSISRDSAKNTVYLQMNSLKPEDTAVYYCAADLKMQVAAYMNQRSVDYWGQGTQVTVSS,84.0
EVQLVESGGGLVQAGDSLRLSCTASGRTFSRAVMGWFRQAPGKEREFVAAISAAPGTAYYAFYADSVRGRFSISADSAKNTVYLQMNSLKPEDTAVYACAADLKMQVAAYMNQRSVDYWGQGTQVTVSS,75.0
EVQLVESGGGLVQAGDSLRLSCTASGRTFSRAVMGWFRQAPGKEREFVAAISAAPGTAYYAFYADSVRGRFSISADSAKNTVYLQMNSLKPEDTAVYYCAAALKMQVAAYMNQRSVDYWGQGTQVTVSS,84.0
EVQLVESGGGLVQAGDSLRLSCTASGRTFSRAVMGWFRQAPGKEREFVAAISAAPGTAYYAFYADSVRGRFSISADSAKNTVYLQMNSLKPEDTAVYYCAARLKMQVAAYMNQRSVDYWGQGTQVTVSS,73.0
EVQLVESGGGLVQAGDSLRLSCTASGRTFSRAVMGWFRQAPGKEREFVAAISAAPGTAYYAFYADSVRGRFSISADSAKNTVYLQMNSLKPEDTAVYYCAADLGMQVAAYMNQRSVDYWGQGTQVTVSS,78.0
EVQLVESGGGLVQAGDSLRLSCTASGRTFSRAVMGWFRQAPGKEREFVAAISAAPGTAYYAFYADSVRGRFSISADSAKNTVYLQMNSLKPEDTAVYYCAADLKMQVAAYANQRSVDYWGQGTQVTVSS,76.0
EVQLVESGGGLVQAGDSLRLSCTASGRTFSRAVMGWFRQAPGKEREFVAAISAAPGTAYYAFYADSVRGRFSISADSAKNTVYLQMNSLKPEDTAVYYCAADLKMQVAAYTNQRSVDYWGQGTQVTVSS,76.0
EVQLVESGGGLVQAGDSLRLSCTASGRTFSRAVMGWFRQAPGKEREFVAAISAAPGTAYYAFYADSVRGRFSISADSAKNTVYLQMNSLKPEDTAVYYCAADLKMQIAAYANQRSVDYWGQGTQVTVSS,76.0
EVQLVESGGGLVQAGDSLRLSCTASGRTFSRAVMGWFRQAPGKEREFVAAISAAPGTAYYAFYADSVRGRFSISADSAKNTVYLQMNSLKPEDTAVYYCAADLKMQVAAYMNQRAVDYWGQGTQVTVSS,80.0
EVQLVESGGGLVQAGDSLRLSCTASGRTFSRAVMGWFRQAPGKEREFVAAISAAPGTAYYAFYADSVRGRFSISADSAKNTVYLQMNSLKPEDTAVYYCAADLKMQVAAYMNQRYVDYWGQGTQVTVSS,79.0
QVKLQESGGGLVQAGGSLRLSCAASGRPFSTYYMGWFRQAPGKEREFIIGIDSNGGITYARTSVKGRFTISRDNAKNTVYLQMNDLKPEDTAVYYCVADTGRGAGHWDSWGQGTQVTVSS,77.0
QVKLQESGGGLVQAGDSLRLSCAASRRTFSEYTLAWFRQAPGKEREFVTGISYNGVTTWYADSVKGRFTISRDNAKNTLYLQMNSLKREDTAVYYCAADPRTADYSGSYRYWGQGTQVTVSS,67.0
QVKLQASGGGLVQAGGSLRLSCAASGRTFSTYALGWFRQAPGKEREFAAAISRNGIIKDYAESVKGRFTISRDNAKNTIYLEMNSLKPEDTAVYYCAATGTVYDYMAHALARSYEFWGQGTQVTVSS,61.0
QVKLQASGGGLVQPGGSLRLSCAVSGNTDSTMSMGWFRQAPGKEREFVGASIISIDSFVYADSVKGRFAISRDTAKNSVYLQMNSLSPDDTAVYYCAAIYLPSIANAYSTPSSWRQWGQGTQVTVSS,63.0
QVKLQASGGGLVQAGGSLRLSCAASGRTFSTYGVGWFRQAPGKEREFVAGISWNGDSTYYAPSVKGRFTISRDNTKNTAYLQMNSLKPEDTAVYYCAVGTISYSLRYAAPASYDYWGQGTQVTVSS,53.0
QVKLQASGGGLVQPGGSLRLSCAASGRAISAYIMAWFRQVPGKEREFVAGTHWNARSTYYDDSAEGRFTISRDNAKNTVYLEMNSLKPEDTAVYFCAQDQSPYGTSLSLRGSKYWGQGTQVTVSS,58.0
EVQLVESGGGLVQPGGSLRLSCAASGRAISAYIMAWFRQVPGKEREFVAGTHWNARSTYYDDSAEGRFTISRDNAKNTVYLEMNSLKPEDTAVYFCAQDQSPYGTSLSLRGSKYWGQGTQVTVSS,67.0
QVKLQASGGGLVQAGGSLTLSCADSGHTFSTYIMAWFRQAPGKEREFVASRTHRNWTYYPDSVKGRFTISRDSAKNTLYLQMNSLKPEDTAVYYCAARRMDSGSYRYNDRETYDYWGQGTQVTVSS,66.0
QVKLQASGGGLAQPGGSLTLSCAASGRTLDTYVMGWFRQAPGKEREFVAAIRWNGGNVYYGDSPKGRFTISRDSAKNTVYLQMNSLNSEDTAVYYCAARGPNPGTRYFYTDEKSTDWFRDWGQGTQVTVSS,53.0
QVKLQASGGGLVQPGGSLRLSCAASGNIFSDRSMGWYRQAPGKQREYVAAIGAGGSTNYADFVKGRFTISRDNAKNTGYLQMNSLQPEDTAVYYCKLYSAPTTRDARREYWGQGTQVTVSS,62.0
QVKLQASGGGLVQAGGSLRLSCAASGRTFSNFAMGWFRQAPGKEREFVAALSWSNGSTAYPDAMKGRFTISRDNAGNTGYLQMNTLKPEDTAVYYCAAVERPRARIPVGSYEFTSWGQGTQVTVSS,57.0
QVKLQASGGGLVQAGDSLRLSCAASGRTLSIYATGWFRQAPGKEREFVSAIRSTGSDTYYANSVKGRFTIARDNAKNMVYLQMNSLKPEDTAVYYCAAGRGQRLGYSRRQNDYDFWGQGTQVTVSS,63.0
DVQLVESGGGLVQAGDSLRLSCAASGRTLSIYATGWFRQAPGKEREFVSAIRSTGSDTYYANSVKGRFTIARDNAKNMVYLQMNSLKPEDTAVYYCAAGRGQRLGYSRRQNDYDFWGQGTQVTVSS,72.0
QVKLQASGGGLVQAGDSLRLSCAASGRTLVIYAIAWFRQAPGKEREFVSAVRSTGSDTYYANSVKGRFTISRDNSRNNVYLQMDSLQPEDTAVYYCAAGRGQRLGYSRRQNDYDFWGQGIQVTVSS,64.0
QVKLQASGGGLVQAGDSLRLSCAASGRTLVIYAIAWFRQAPGKEREFVSAVRSTGSDTYYANSVKGRFTISRDNSRNNVYLQMDSLQPEDTAVYYCAAGRGQRLGYSRRQNDYDFWGQGTQVTVSS,64.0
DVQLVESGGGLVQAGDSLRLSCAASGRTLVIYAIAWFRQAPGKEREFVSAVRSTGSDTYYANSVKGRFTISRDNSRNNVYLQMDSLQPEDTAVYYCAAGRGQRLGYSRRQNDYDFWGQGTQVTVSS,72.0
EVQLVESGGGLVQAGDSLRLSCAASGRTLVIYAIAWFRQAPGKEREFVSAVRSTGSDTYYANSVKGRFTISRDNAKNMVYLQMNSLKPEDTAVYYCAAGRGQRLGYSRRQNDYDFWGQGTQVTVSS,80.0
QVKLQASGGGLVQAGGSLRLSCAASGGAFSSYSMAWVRQVPGKEREFVAAISTGGAVTKYADSVKGRFTISRDNPKNTVSLQMNSLKTEDTAVYYCAGRRGTGRRWNDGYNYWGQGTQVTVSS,57.0
QVKLQASGGGLVQPGGSLRLSCAASGRSFTDYRMGWFRQAPGKEREFVAAVRSNGGLLHAGSVKGRFTVSRDNGKNMLFLQMTSLKPEDTGVYTCAVGSNWKGSSTSSGGYDYWGQGTQVTVSS,58.0
EVQLVESGGGLVQPGDSLRLSCAASGRSFTDYRMGWFRQAPGKEREFVAAVRSNGGLLHAGSVKGRFTVSRDNGKNMLFLQMTSLKPEDTGVYTCAVGSNWKGSSTSSGGYDYWGQGTQVTVSS,63.0
QVKLQESGGGSVQAGGSLRLSCAASGRAASNHAMGWFRQAPGKEREFVVLISWSGRSTYYADSVKGRFTISRDFAQNAVNLQMNSLKPEDTGVYYCAAVRQYGTSWYQFREDTSRYDYWGQGTQVTVSS,69.0
QVKLQASGGGLVQAGGSLRLSCAASGRTTSSYAMGWFRQAPGKEREFVAAHSHAGPSTSYADSVKGRFTISRDNAENMVYLQMDSLKPEDTAVYYCTARATGVGVGSFAFSSPGSYPYWGQGTQVTVSS,63.0
QVKLQASGGGLVQAGGSLRLSCVASGRTFSTYTMAWFRQAPGKEREFVAAILWSGEWIGNEGRFTISRDTATNTVSLEMNNLRPEDTAVYYCAATAQGALSSRSNSYDYWGQGTQVTVSS,68.0
EVQLQASGGGLVQAGGSLRLSCAASGRTLSTGVMGWFRQLPGKEREFVARITWIAGSSLYADSVKGRFTISRDNTNNTVYLQMNALKPEDTAVYYCAANLAGNSWPYKTPMDYDSWGQGTQVTVSS,62.0
EVQLQASGGGLVQAGGSLRLSCIASGRAFSTTNMGWFRQAPGKEREFVTRVNWSGGVTSYADPVKGRFTLSRDNTKNTVYLQMNSLKPEDTAVYYCAGSTVWSTDGAHYNYWGQGTQVTVSS,60.0
EVQLQASGGGLVQAGGSLRLSCIASGRAFSTTNMGWFRQAPGKEREFVTRVNWSGGVTSYADSVKGRFTLSRDNTKNTVYLQMNSLKPEDTAVYYCAGSTVWSTDRAHYNYWGRGTQVTVSS,60.0
EVQLQASGGGLVQAGGSLRLSCIASGRAFSTTNMGWFRQAPGKEREFVTRVNWSGGVTSYADSVKGRFTLSRDYTKNTVYLQMNSLKPEDTAVYYCAGSTVWSTDRAHYNYWGQGTQVTVSS,57.0
EVQLQASGGGLVQAGGSLRLSCTASGRAFSTTNMGWFRQAPGKEREFVTRVNWSGGVTSYADSVKGRFTLSRDNTKNTVYLQMDSLKPEDTAVYYCAGSTVWSTDRKHYNYWGQGTQVTVSS,61.0
EVQLQASGGGLVQAGGSLRLSCTASGRAFSTTNMGWFRQAPGKEREFVCRVNWSGGVTSYADSVKGRFTCSRDNTKNTVYLQMDSLKPEDTAVYYCAGSTVWSTDRKHYNYWGQGTQVTVSS,80.0
EVQLQASGGGLVQPGGSLRLSCAASGFSISSATMSWVRQAPGKGLEWVSTVQDGAGIISSADSAKARFTISRDSAKNTLYLQMNSLKPEDTAVYYCRTVVFGRILRGQGTQVTVSS,56.0
EVQLQASGGGLVQAGGSLRLSCAASGRAIDSLGMGWFRQAPGKEREFVAVARRSARRTYYADSVKGRFTVSRDNAKNTVYLQMSSLKPEDTAVYYCAADPSVISTDYEDAKEYDYWGQGTQVTVSS,60.0
EVQLQASGGGLVQPGGSLRLSCAASGRAIGSLGMGWFRQAPGKEREFVAVTRRSARRTYYADSVKGRFTVSRDNAKNTVYLQMSSLKPEDTAVYYCAADPSVISTDYEDAKEYDYWGQGTQVTVSS,61.0
EVQLQASGGGLVQAGGSLRLSCAVSGRAFSTYTMGWFRQAPGREREFVAHNSWSGGRTYYADSVKGRFTISRDNAKNTVYLQMTSLKPEDTAVYYCAATAALRGNYYYTQRDTYDYWGQGTQVTVSS,71.0
DVQLQASGGGLVQAGGSLRLSCAASGLTVSRYTMGWFRQAPGKEREFVAAIRWIEGRTYYADSVKGRFTISRDNAKNTVYLQMNSLKPDDTAVYYCAARAGATIRTVGNDYEHWGQGTQVTVSS,79.0
DVQLQASGGGLVQAGGSLRLSCAASGLTVSRYTMGWFRQAPGKEREFVAAIRWIEGRTYYADSVKGRFTISRDNAKNTVYLQMNSLKPDDMAVYYCAARAGATIRTSGNEYEYWGQGTQVTVSS,75.0
DVQLQASGGGLVQAGGFLRLSCAASGRTFSSTAMGWFRQAPGKERDFVAVIMRDDGRTDYAASVEGRFTISKDSATNTVYLQMNSLKPEDTAIYFCGVQSYRRGNYYRPANYNYWGQGTQVTVSS,57.0
EVQLQASGGGLVQAGSSLRLSCAASGLTTSTLYRMGWFRQAPGKEREFVGTITWSGGSTHYPDSLKGRFTISRDDAKNTGFLQMDSLKPEDTAIYYCAARTSAGIYDPTSPPAYDSWGQGTQVTVSS,70.0
EVQLQASGGGMVQAGESLRLSCVASGRTFRTSTMGWFRQAPGKEREFVAASSWRGGDMDYADSVKDRFIMSRDNAKNTVYLQMNSLRPEDTAVYYCAVSSAGNTRRYLTYHYWGQGTQVTVSS,62.0
EVQLQASGGGLVQPGGSLRLACVASGFTLEYSAIGWFRQAPGKEREAVSRIRNRDGRAIYADSVKDRFTISRDNAKSTVYLQMDSLKPEDTATYYCGRHIGVRSSWALPSEYDYWGQGTQYIYSS,60.0
EVQLQASGGGLVQAGGSLRLSCAASGSTGSIIVMSWHRQAPGNQRELVAGISSSGTVNYVDSVKGRFTISRDNAKNTVYLQMNSLKPEDTAVYYCNAWLGRSAGTSWGQGTQVTVSS,59.0
EVQLVESGGGLVQDGDSLRLSCTASGRAFSTTNMGWFRQAPGKEREFVCRVNWSGGVTSYADSVKGRFTCSRDNTKNTVYLQMDSLKPEDTAVYYCAGSTVWSTDRKHYNYWGQGTQVTVSS,81.0
EVQLVESGGGLVQDGDSLRLSCTASGRAFSTTNMGWFRQAPGKEREFVCRVNWSGGVTSYADSVKGRFTCSADNTKNTVYLQMDSLKPEDTAVYYCAGSTVWSTDRKHYNYWGQGTQVTVSS,81.0
EVQLVESGGGLVQAGDSLRLSCTASGRTFSRAVMGWFRQAPGKEREFVAAISAAPGTAYYAFYADSVRGRFSISADSAKNTVYLQMNSLKPEDTAVYYCAADLKMQVAAYMNQRSVDYWGQGTQVTVSS,86.0
EVQLVESGGGLVQAGDSLRLSCTASGRTFSRAVMGWFRQAPGKEREFVCAISAAPGTAYYAFYADSVRGRFSCSADSAKNTVYLQMNSLKPEDTAVYYCAADLKMQVAAYMNQRSVDYWGQGTQVTVSS,87.0
EVQLVESGGGLVDAGDSLRLSCTASGRTFSDAVMGWFRQAPGKEREFVCAISAAPGTAYYAFYADSVRGRFSCSADSAKNTVYLQMNSLKPEDTAVYYCAADLKMQVAAYMNQRSVDYWGQGTQVTVSS,85.0
DVQLVESGGGLVQPGGSLRLTCAASGLIFGSYAMGWFRQAPGKAREFVAAISWSGGDTYADSVKGRFTISRDNAKNTVYLQMNSLEPEDTAVYSCAAVGSKYYISKDAKDYGYWGQGTQVTVSS,80.0
DVQLQASGGGLVQPGGSLRLTCAASGLIFGSYAMGWFRQAPGKAREFVCAISWSGGDTYADSVKGRFTCSRDNAKNTVYLQMNSLEPEDTAVYSCAAVGSKYYISKDAKDYGYWGQGTQVTVSS,76.0
DVQLVESGGGLVQPGGSLRLTCAASGLIFGSYAMGWFRQAPGKAREFVCAISWSGGDTYADSVKGRFTCSRDNAKNTVYLQMNSLEPEDTAVYSCAAVGSKYYISKDAKDYGYWGQGTQVTVSS,82.0
EVQLVESGGGLVQAGDSLRLSCTASGRTFSRAVMGWFRQAPGKEREFVACISAAPGTAYYAFYADSVRGRFSISADSAKNTVYLQMNSLKPEDTAVYYCAADLKMQVCAYMNQRSVDYWGQGTQVTVSS,89.0
EVQLVESGGGLVQAGDSLRLSCTASGRTFSRACMGWFRQAPGKEREFVAAISAAPGTAYYAFYADSVRGRFSISADSAKNTVYLQMNSLKPEDTAVYYCAADLKCQVAAYMNQRSVDYWGQGTQVTVSS,89.0
EVCLVESGGGLVQAGDSLRLSCTASGRTFSRAVMGWFRQAPGKEREFVAAISAAPGTAYYAFYADSVRGRFSISADSAKNTVYLQMNSLKPEDTAVYYCAADLKMQVAAYMNQRSVDCWGQGTQVTVSS,88.0
EVQLVESGGGLVQAGDSLRLSCTASGREGTTTVGWFRQAPGKEREFVAAIRWTDSRTPHTDSRFSISADSAKNTVYLQMNSLKPEDTAVYYCAADTWNSVVTGTAADWGQGTQVTVSS,48.0
EVQLQASGGGLVQPGGSLRLACQYSGRTFSRAVMGWERQSPGKEREFVAAISAAPGTAYYAFYADSVRGRETTSSDNFKKTAYLQMNGLKPEDTALYYCTEDLKMQVAAYMNQRSVDYWSQGTQVTVSS,68.0
EVQLVESGGGLVQAGDSLRLSCTASGRTLGDYGVAWFRQAPGKEREFVAVISRSTIITDYANSVKGRFSISADSAKNTVYLQMNSLKPEDTAVYYCAAIANPVYATSRNSDDYGHWGQGTQVTVSS,70.0
EVQLQASGGGLVQGGDSLRLSCAASGRTFSRAVMGWFRQAPGKEREFVSAISAAPGTAYYAFYADSVRGRFTISRDNAKNAVYLQMNSLKPEDTAVYYCAVDLKMQVAAYMNQRSVDYWGQGTQVTVSS,65.0
EVQLVESGGGLVQAGDSLRLSCTASGRTFSRAVMGWFRQAPGKEREFVAAISAAPGTAYYAFYADSVRGRFSISADSAKNTVYLQMNSLKPEDTAVYYCAADTWNSVVTGTAADWGQGTQVTVSS,71.0
EVQLVESGGGLVQAGDSLRLSCTASGRTFSRAVMGWFRQAPGKEREFVAAIRWTDSRTPHTDSRFSISADSAKNTVYLQMNSLKPEDTAVYYCAADLKMQVAAYMNQRSVDYWGQGTQVTVSS,66.0
EVQLVESGGGLVQAGDSLRLSCTASGREGTTTVGWFRQAPGKEREFVAAISAAPGTAYYAFYADSVRGRFSISADSAKNTVYLQMNSLKPEDTAVYYCAADLKMQVAAYMNQRSVDYWGQGTQVTVSS,75.0
EVQLQASGGGLVQPGGSLRLACQYSGREGTTTVGWERQSPGKEREFVAAIRWTDSRTPHTDSRETTSSDNFKKTAYLQMNGLKPEDTALYYCTEDLKMQVAAYMNQRSVDYWSQGTQVTVSS,46.0
EVQLQASGGGLVQPGGSLRLACQYSGREGTTTVGWERQSPGKEREFVAAISAAPGTAYYAFYADSVRGRETTSSDNFKKTAYLQMNGLKPEDTALYYCTEDTWNSVVTGTAADWSQGTQVTVSS,65.0
QVKLEESGGGLVLPGGSLRLSCAASGSISSIYAMGWYRQAPGKQREVVAVITNGNSPNYADSVKGRFTISRDNAKNTVYLQMNSLKPEDTAVYYCNVEGVRYGDSWYDGDYWGQGTQVTVSS,71.0
EVQLVESGGGLVLPGGSLRLSCAASGSISSIYAMGWYRQAPGKEREFVAVITNGNSPNYADSVKGRFTISRDNAKNTVYLQMNSLKPEDTAVYYCNVEGVRYGDSWYDGDYWGQGTQVTVSS,73.0
EVQLVESGGGLVLPGGSLRLSCAASGSISSIYAMGWYRQAPGKEREFVCVITNGNSPNYADSVKGRFTCSRDNAKNTVYLQMNSLKPEDTAVYYCNVEGVRYGDSWYDGDYWGQGTQVTVSS,86.0
QVKLEESGGGLVQPGGSLRLSCVGSGSISSFNGMGWYRQVPGKQRELVAFISSGGRSKYTDSVKGRFTISGDNAKSTVYLQMINLKPEDTAVYYCNVGSVLSYVTGNYYEPSDYWGQGTQVTVSS,60.0
EVQLVESGGGLVQPGGSLRLSCVGSGSISSFNGMGWYRQAPGKEREFVAFISSGGRSKYTDSVKGRFTISGDNAKSTVYLQMINLKPEDTAVYYCNVGSVLSYVTGNYYEPSDYWGQGTQVTVSS,66.0
EVQLVESGGGLVQPGGSLRLSCVGSGSISSFNGMGWYRQAPGKEREFVCFISSGGRSKYTDSVKGRFTCSGDNAKSTVYLQMINLKPEDTAVYYCNVGSVLSYVTGNYYEPSDYWGQGTQVTVSS,75.0
DVQLQASGGGLVQGGDSLRLSCAASGRALSDYGVAWFRQAPGKEREFVSVIGRSTIITDYANSVKGRFTISRDNAKNAVYLDMNSLKPEDTAVYYCAVITNPYYATSRNSDDYGYWGQGTQVTVSS,65.0
EVQLQASGGGLVQGGDSLRLSCAASGRTLGDYGVAWFRQAPGKEREFVSVISRSTIITDYANSVKGRFTISRDNAKNAVYLDMNSLKPEDTAVYYCAVIANPYYATSRNSDDYGHWGQGTQVTVSS,58.0
EVQLQASGGGLVQDGGSLRLSCAVAGRPLSDYGVGWFRQASGKEREFVAVISGCGIVTDYANSVKGRFTISRDVAKNVVHLQMNSLKPEDTAVYYCAALTNPVYAASRNSNDYGYWGQGTQVTVSS,74.0
EVQLQASGGGLVQGGDSLRLSCAASGRTLSVYGVAWFRQAPGKEREFVSVISRSTIITDYANSVKGRFTISRDNAKNAVYLQMNSLKPEDTAVYYCAVITNPVYATSRNSDDYGYWGQGTQVTVSS,55.0
EVQLQASGGGLVQGGDSLRLSCAASGRTLSDYGVAWFRQAPGKEREFVSVIGRSTIITDYANSVKGRITISRDNAKNAVYLQMNSLKPEDTAVYYCAVITNPVYATSRNSDDYGYWGQGTQVTVSS,53.0
DVQLQASGGGLAQAGGSLRLSCAYSGDTVNDYAMAWFRQAPGKGREFVAAIRARGGGTEYLDSVKGRFTISRDNGENTAYLQMDNLQPDDTALYFCALAMGGYAYRAFERYSYRGQGTQVTVSS,65.0
DVQLQASGGGLAQAGGSLRLSCAYSGDTVNDYGMGWFRQVPGKGREFVAAIRASGGGTEYLDSVKGRFTISRDNRNTATLDMNDLRPDSTAVYYCALSMGGYAYRAFERYNYRGQGTQVTVSP,58.0
EVQLQASGGGLVQPGGSLRLACQYSGREGTTTVGWFRQSPGKEREFVAAIRWTDSRTPHTDSRFTTSSDNFKKTAYLDMNGLKPEDTALYYCTEDTWNSYYTGTAADWSQGTQVTVSS,50.0
EVQLQASGGGLVRPGGSLRLACQYSGREGTTTVGWIRQSPGKEREFVAAIRWTDSRTSHTDSRETTSSDNFKKTAYLQMNGLKPEDTALYYCTEDTWNSYYTGTAAGWSQGTQVTVSS,50.0
EVQLQASGGGLVQDGGSLRLSCAVAGRPLSDYGVGWFRQASGKEREFVAVISGSGIVTDYANSVKGRFTISRDVAKNVVHLQMNSLKPEDTAVYYCAALTNPVYAASRNSNDYGYWGQGTQVTVSS,74.0
DVQLQASGGGLAQAGGSLRLSCAYSGQTVNDYAMAWFRQAPGKGREFVAAIRARGGGTEYLDSVKGRFTISRDNGENTAYLQMDNLQPDDTALYFCALAMGGYAYRAFERYSVWGQGTQVTVSS,70.0
DVQLQASGGELVQPGDSLRLICAHSGREGTTTVGIFRQAPGKEREFVAALRMTDGRISYANSVKERFTISSDNWKKTVYLQMNGLKPEDSALYYCAEDSWYPVVTGTAAYWGQGTQVTVSS,60.0
EVQLQASGGGLVQDGGSLRLSCAVAGRPLSDYGVGWFRQASGKEREFVAVISGSGIVTDYADSVKGRFTISRDVAKNVVHLQMNSLKPEDTAVYYCAALTNPVYAASRNSDDYGYWGQGTQVTVSS,77.0
DVQLQASGGGLAQDGGSLRLSCAYSGQTVNDYAMAWFRQAPGKEREFVAAIRARGGGTEYLDSVKGRFTISRDNGENTAYLQMDNLQPDDTALYFCALAMGGYAYRAFERYSVWGQGTQVTVSS,62.0
DVQLQASGGELVQDGDSLRLICAHSGREGTTTVGIFRQAPGKEREFVAALRMTDGRISYADSVKERFTISSDNWKNTVYLQMNGLKPEDSALYYCAEDSWYPVVTGTAAYWGQGTQVTVSS,65.0
EVQLQASGGGLVQDGGSLRLSCAVAGRPLSDYGVGWFRQASGKEREFVCVISGSGIVTDYADSVKGRFTCSRDVAKNVVHLQMNSLKPEDTAVYYCAALTNPVYAASRNSDDYGYWGQGTQVTVSS,77.0
DVQLQASGGGLAQAGGSLRLSCAYSGQTVNDYAMAWFRQAPGKGREFVCAIRARGGGTEYLDSVKGRFTCSRDNGENTAYLQMDNLQPDDTALYFCALAMGGYAYRAFERYSVWGQGTQVTVSS,75.0
DVQLQASGGGLAQDGGSLRLSCAYSGQTVNDYAMAWFRQAPGKEREFVCAIRARGGGTEYLDSVKGRFTCSRDNGENTAYLQMDNLQPDDTALYFCALAMGGYAYRAFERYSVWGQGTQVTVSS,68.0
DVQLQASGGELVQDGDSLRLICAHSGREGTTTVGIFRQAPGKEREFVCALRMTDGRISYADSVKERFTCSSDNWKNTVYLQMNGLKPEDSALYYCAEDSWYPVVTGTAAYWGQGTQVTVSS,78.0
EVQLQASGGGLVQAGGSLRLSCAASERTFSHYFVGWFRQAPGKEREFVARITWSGSNYEYEDAVKDRFTLSSDNAKNTVYLHMNSLKPEDTAVYYCAAANTIWTPTIRDYNYWGQGTQVTVSS,64.0
EVQLVESGGGSVQAGGSLRLSCAASERTFSYYFMGWFRQAPGKEREWVARIRWNGDGADYTDAVKDRFTISSDHAKNTVYLQMNSLKPEDTAVYYCAAANSIWKPTTRDYNYWGQGTQVTVSS,68.0
EVQLQASGGGLVQAGGSLRLSCAASGRAFSSETMGWFRQAPGKEREFVAAIWRIGGSTYNTDYADSVKGRFAISADRAKNTVDLQMNTLKPEDTAVYYCAGKMRGRSYNLYDYDYWGQGTQVTVSS,65.0
EVQLVQSGGGSVQAGGSLRLSCAHSSITVPDYTIGWFRRAPGKGGEEVSLISMHGGRSWYAGSVKGRFAISRDSVKNTVYLQMNNLKPEDTDIYYCGGTTFGLAAAPNEYDSWGQGSQVTVSS,59.0
EVQLQASGGGSVQAGGSLRLSCAHSSITVPDYTIGWYRRAPGKGGEEVSLISMHGGRTWYAGSVKGRFAISRDSVKNTVYLQMNNLKPEDTDIYYCGGTTFGLAAAPNEYDSWGQGSQVTVSS,53.0
DVQLQASGGGLVQDGGSLRLSCAASGLGFRIHSMGWYRQAPGKARDLVAVITDSGQTNYAPSVKGRFTISRESAGNTVYLQMNSLKPDDTAVYYCAVTTWDPHSYWGQGTQVTVSS,65.0
DVQLQASGGGVVQAGGSLRVSCAATGIAFASYAVAWYRQAPGKQREWVATVGGLGGTKYVDSVRGRFTISRDNAKNAVTLQMNSLKPEDTAVYYCAAVEWDDGHYYWDTWGQGTRVTVSA,55.0
EVQLQASGGGLVQAGGSLRVSCAATGIAFASYAVAWYRQAPGKQREWVATVGGLGGTKYVDSVKGRFTISRDNAKNAVTLQMNSLKPEDTAVYYCAAVEWDDGHYYWDTWGQGTRVTVSA,61.0
EVQLQASGGGLVQAGGSLRVSCAASGIAFTNYALAWYRQPPGKQREWVATVGVLGGTKYADSVKGRFAISRDNAKNTVILQMNSLKPVDTAVYFCAAVEWSNGRYYWDSWGQGTQVTVSA,59.0
DVQLVESGGGSVQAGESLRLSCAASGVTYKNYCIGWFRQAPGKDREGVVFINSDGGITYYADSVKGRFTISQDNAKNTVYLQMNSLKPEDTASYYCAAGYRNYGQCATRYWGQGTQVTVSS,80.7
DVQLVESGGGSVQAGESLRLSCAASGVTYKNYCIGWFRQAPGKDREGVVFINSDGGITYYADSVKGRFTISQDNAKNTVYLQMNSLKPEDTASYYCAAGYRNYGQCFTRYWGQGTQVTVSS,81.7
DVQLVESGGGSVQAGESLRLSCAASGVTYKNYCIGWFRQAPGKDREGVVFINSDGGITYYADSVKGRFTISQDNAKNTVYLQMNSLKPEDTASYYCAAGYRNYGQCRTRYWGQGTQVTVSS,80.7
DVQLVESGGGSVQAGESLRLSCAASGVTYKNYCIGWFRQAPGKDREGVVFINSDGGITYYADSVKGRFTISQDNAKNTVYLQMNSLKPEDTASYYCAAGYRNYGQCYTRYWGQGTQVTVSS,81.9
DVQLQASGGGLVQAGGSMRLSCAASGMTFSIGDMGWYRQAPGKQRESVATISRRGSTNYADSVQGRFTISRDNTKDTIDLQMISLKPGDTAVYYCTAITHPPFDLNYWGQGTQVTVSS,55.0
DVQLQASGGGLVQAGGSLRLSCAASGMTFSIGDMGWYRQAPGKQRESVATISRRGSTNYADSVQGRFTISRDNTKDTIDLQMISLKPGDTAVYYCTAITHPPFELNYWGQGTQVTVSS,57.0
QVQLVESGGGLVQAGGSLRLSCAASGYAYTYIYMGWFRQAPGKEREGVAAMDSGGGGTLYADSVKGRFTISRDKGKNTVYLQMDSLKPEDTATYYCAAGGYELRDRTYGQWGQGTQVTVSS,64.2
QVQLVESGGGSVQAGGSLSLSCAASTYTDTVGWFRQAPGKEREGVAAIYRRTGYTYSADSVKGRFTLSQDNNKNTVYLQMNSLKPEDTGIYYCATGNSVRLASWEGYFYWGQGTQVTVSS,64.1
QVQLQESGGGLVQAGGSLRLSCAASGRTGSTYDMGWFRQAPGKERESVAAINWDSARTYYASSVKGRFTISRDNAKKTVYLQMNSLKPEDTAVYTCGAGEGGTWDSWGQGTQVTVSS,60.1
QVQLVESGGGSVQAGGSLRLSCAASGYTVSTYCMGWFRQAPGKEREGVATILGGSTYYGDSVKGRFTISQDNAKNTVYLQMNSLKPEDTAIYYCAGSTVASTGWCSRLRPYDYHYRGQGTQVTVSS,66.7
QVKLEESGGGLVQAGGSLRLSCAASGRTFNTLSMGWFRQAPGKEREFVAAVSRSGGSTYYADSVKGRFTISRDNAKNTVYLQMNSLKPEDTAVYYCAAAATKSNTTAYRLSFDYWGQGTQVTVSS,84.7
QVKLEESGGGLVQAGGSLRLSCAASGRTFSMYRMGWFRQAPGKEREFVGVITRNGSSTYYADSVKGRFTISRDNAKNTVYLQMNSLKPEDTALYYCAATSGSSYLDAAHVYDYWGQGTQVTVSS,73.1
QVKLEESGGGLVQPGGSLRLSCAASGRTLSSYIVAWFRQAPGKEREFVAGISRRGGNSAYVESVKGRFTISRDNAKNTVYLQMNSLKPEDTAVYYCAADGSVAGWGRRSVSVSSYDYWGQGTQVTVSS,75.1
QVQLVESGGGLAQAGGSLRLSCAASGRTFSMDPMAWFRQPPGKEREFVAAGSSTGRTTYYADSVKGRFTISRDNAKNTVYLQMNSLKPEDTAVYYCAAAPYGANWYRDEYAYWGQGTQVTVSS,72.4
QVQLVESGGGLVQAGGSLRLSCAASIRSFSNRNMGWFRQPPGKEREFVAGISWGGGSTRYADSVKGRFTISRDNAKKTVYLQMNSLKPEDTAVYYCAAEFGHNIATSSDEYDYWGQGTQVTVSS,74.6
QVKLEESGGGLVQAGGSLRLSCAASERTFSRYPVAWFRQAPGAEREFVAVISSTGTSTYYADSVKGRFTISRDNAKVTVYLQMNNLKREDTAVYFCAVNSQRTRLQDPNEYDYWGQGTQVTVSS,77.2
QVKLEESGGGLVQAGGSLRLSCAASGRTFNTLSMGWFRQAPGKEREFVCAVSRSGGSTYYADSVKGRFTCSRDNAKNTVYLQMNSLKPEDTAVYYCAAAATKSNTTAYRLSFDYWGQGTQVTVSS,93.6
QVKLEESGGGLVQAGGSLRLSCAASGRTFSMYRMGWFRQAPGKEREFVCVITRNGSSTYYADSVKGRFTCSRDNAKNTVYLQMNSLKPEDTALYYCAATSGSSYLDAAHVYDYWGQGTQVTVSS,84.7
QVKLEESGGGLVQPGGSLRLSCAASGRTLSSYIVAWFRQAPGKEREFVCGISRRGGNSAYVESVKGRFTCSRDNAKNTVYLQMNSLKPEDTAVYYCAADGSVAGWGRRSVSVSSYDYWGQGTQVTVSS,78.8
QVQLVESGGGLAQAGGSLRLSCAASGRTFSMDPMAWFRQPPGKEREFVCAGSSTGRTTYYADSVKGRFTCSRDNAKNTVYLQMNSLKPEDTAVYYCAAAPYGANWYRDEYAYWGQGTQVTVSS,79.1
QVQLVESGGGLVQAGGSLRLSCAASIRSFSNRNMGWFRQPPGKEREFVCGISWGGGSTRYADSVKGRFTCSRDNAKKTVYLQMNSLKPEDTAVYYCAAEFGHNIATSSDEYDYWGQGTQVTVSS,80.1
QVKLEESGGGLVQAGGSLRLSCAASERTFSRYPVAWFRQAPGAEREFVCVISSTGTSTYYADSVKGRFTCSRDNAKVTVYLQMNNLKREDTAVYFCAVNSQRTRLQDPNEYDYWGQGTQVTVSS,85.3
QVQLVESGGGLVQAGDSLRLSCAASGRTFSGYAMGWFRQAPGKEREFVARINWSGTLTYYADSVKGRFTGSRDNAKNTVYLQMNSLKPEDTAVYYCAQRGDSGSNYDPSGYSYWGQGTQVTVSS,59.0
QLQLVESGGGLVQAGDSLRLSCAASGRTFSGYAMGWFRQAPGKEREFVARINWSGTLTYYADSVKGRFTGSRDNAKNTVYLQMNSLKPEDTAVYYCAQRGDSGSNYDPSGYSYWGQGTQVTVSS,58.0
QVQLVESGGGLVQAGDSLRLSCAASGRTFSDYAMGWFRQAPGKEREFVARINWSGTLTYYADSVKGRFTGSRDNAKNTVYLQMNSLKPEDTAVYYCAQRGDSGSNYDPSGYSYWGQGTQVTVSS,58.0
QVQLVESGGGLVQAGDSLRLSCAASGRTFSGYAMGWFRQAPGKELEFVARINWSGTLTYYADSVKGRFTGSRDNAKNTVYLQMNSLKPEDTAVYYCAQRGDSGSNYDPSGYSYWGQGTQVTVSS,61.0
QVQLVESGGGLVQAGDSLRLSCAASGRTFSGYAMGWFRQAPGKEREFVARVNWSGTLTYYADSVKGRFTGSRDNAKNTVYLQMNSLKPEDTAVYYCAQRGDSGSNYDPSGYSYWGQGTQVTVSS,55.0
QVQLVESGGGLVQAGDSLRLSCAASGRTFSGYAMGWFRQAPGKEREFVARINWSGLLTYYADSVKGRFTGSRDNAKNTVYLQMNSLKPEDTAVYYCAQRGDSGSNYDPSGYSYWGQGTQVTVSS,56.0
QVQLVESGGGLVQAGDSLRLSCAASGRTFSGYAMGWFRQAPGKEREFVARINWSGTLTYYADSVKGRFTASRDNAKNTVYLQMNSLKPEDTAVYYCAQRGDSGSNYDPSGYSYWGQGTQVTVSS,67.0
QVQLVESGGGLVQAGDSLRLSCAASGRTFSGYAMGWFRQAPGKEREFVARINWSGTLTYYADSVKGRFTGSRDNAKSTVYLQMNSLKPEDTAVYYCAQRGDSGSNYDPSGYSYWGQGTQVTVSS,56.0
QVQLVESGGGLVQAGDSLRLSCAASGRTFSGYAMGWFRQAPGKEREFVARINWSGTLTYYADSVKGRFTGSRDNAKNTVYLQMNSLKPEDTAVYYCAQRGDSGSNFDPSGYSYWGQGTQVTVSS,58.0
QVQLVESGGGLVQAGDSLRLSCAASGRTFSGYAMGWFRQAPGKEREFVARINWSGTLTYYADSVKGRFTGSRDNAKNTVYLQMNSLKPEDTAVYYCAQRGDSGSNYDPSGYRYWGQGTQVTVSS,60.0
QVQLVESGGGLVQAGDSLRLSCAASGRTFSGYAMGWFRQAPGKELEFVARINWSGTLTYYADSVKGRFTASRDNAKNTVYLQMNSLKPEDTAVYYCAQRGDSGSNYDPSGYRYWGQGTQVTVSS,71.0
QVQLVESGGGLVQAGDSLRLSCAASGRTFSDYAMGWFRQAPGKELEFVARINWSGTLTYYADSVKGRFTASRDNAKNTVYLQMNSLKPEDTAVYYCAQRGDSGSNYDPSGYRYWGQGTQVTVSS,71.0
QLQLVESGGGLVQAGDSLRLSCAASGRTFSDYAMGWFRQAPGKELEFVARVIWSGLLTYYADSVKGRFTASRDNAKSTVYLQMNSLKPEDTAVYYCAQRGDSGSNFDPSGYRYWGQGTQVTVSS,65.0
EVQLVESGGGLVQAGDSLRLSCTASGRTFSRAVMGWFRQAPGKEREFVAAISAAPGTAYYAFYADSVRGRFSISADSAKNTVYLQMNSLKPEDTAVYYCAADLKMQVAAYMNQRSADYWGQGTQVTVSS,80.0
EVQLVESGGGLVQAGDSLRLSCTASGRTFSRAVMGWFRQAPGKEREFVAAISAAPGTAYYAFYADSVRGRFSISADSAKNTVYLQMNSLKPEDTAVYYCAADLKMQVAAYMNQRSYDYWGQGTQVTVSS,79.0
EVQLVESGGGLVQAGDSLRLSCTASGRTFSRAVMGWFRQAPGKEREFVAAISAAPGTAYYAFYADSVRGRFSISADSAKNTVYLQMNSLKPEDTAVYYCAADLKMQVAAYMNQRCVDYWGQGTQVTVSS,77.0
MAEVQLQASGGGSVQAGGSLRLSCVTSQNLFEYYTMGWYRQVPGSQRERVALINNGGSTVAGSVEGRFTISRDHAKNSVYLQMNYLKPEDSAVYYCRAFGPADYWGQGTQVTVSS,60.0
MAEVQLVESGGGSVQAGGSLRLSCVTSQNLFEYYTMGWYRQVPGSQRERVALINNGGSTVAGSVEGRFTISRDHAKNSVYLQMNYLKPEDSAVYYCRAFGPADYWGQGTQVTVSS,70.0
MAEVQLVESGGGSVQAGGSLRLSCVTSQNLFEYYTMGWYRQVPGSQRERVALINNGGSTVAGSVEGRFTISRDHAKNSVYLQMNYLQPEDSAVYYCRAFGPADYWGQGTQVTVSS,71.0
MAEVQLVESGGGSVQAGDSLRLSCVTSQNLFEYYTMGWYRQVPGSQRERVALINNGGSTVAGSVEGRFTISRDHAKNSVYLQMNYLQPEDSAVYYCRAFGPADYWGQGTQVTVSS,67.0
MAEVQLVESGGGSVQAGDSLRLSCVTSQNLFEYYTMGWYRQVPGSQRELVALINNGGSTVAGSVEGRFTISRDHAKNSVYLQMNYLQPEDSAVYYCRAFGPADYWGQGTQVTVSS,75.0
MAEVKLQASGGGSVQAGGSLRLSCVTSQNLFEYYTMGWYRQVPGSQRERVALINNGGSTVAGSVEGRFTISRDHAKNSVYLQMNYLKPEDSAVYYCRAFGPADYWGQGTQVTVSS,59.0
MAQVKLQASGGGSVQAGGSLRLSCVTSQNLFEYYTMGWYRQVPGSQRERVALINNGGSTVAGSVEGRFTISRDHAKNSVYLQMNYLKPEDSAVYYCRAFGPADYWGQGTQVTVSS,57.0
MAQVKLQASGGGSVQAGGSLRLSCVTSQNLFEYYTMGWYRQVPGSQRERVALINNGGSTVAGSVVGRFTISRDHAKNSVYLQMNYLKPEDSAVYYCRAFGPADYWGQGTQVTVSS,56.0
MAQVKLQASGGGSVQAGGSLRLSCVTSQNLFEYYTMGWYRQVPGSQRERVALINNGGSTVAGSVKGRFTISRDHAKNSVYLQMNYLKPEDSAVYYCRAFGPADYWGQGTQVTVSS,58.0
MAQVKLQASGGGSVQAGGSLRLSCVTSQNLFEYYTMGWYRQVPGSQRERVALINNGGSTVAGSVKGRFTISRDHAKNSVYLQMNYLKREDSAVYYCRAFGPADYWGQGTQVTVSS,53.0
MAQVKLQASGGGSVQAGGSLRLSCVTSQNLFEYYTMGWYRQVPGSQRERVALINNGGSTVAGSVKGRFTISRDHAKNSVYLQMNYLKRADSAVYYCRAFGPADYWGQGTQVTVSS,43.0
EVQLVESGGGLVQAGDSLRLSATASGRTFSRAVMGWFRQAPGKEREFVAAISAAPGTAYYAFYADSVRGRFSISADSAKNTVYLQMNSLKPEDTAVYYVAADLKMQVAAYMNQRSVDYWGQGTQVTVSS,62.6
EVQLVESGGGLVQAGDSCRLSATASGRTFSRAVMGWFRQAPGKEREFVAAISAAPGTAYYAFYADSVRGRFSISADSAKNTVYLQMNSLKPEDTAVYYVAADLKMQVAAYMNQRSVDYWGQGTQVTVSS,62.2
EVQLVESGGGLVQAGDSLRLSATASGRTFSRAVMGWFRQAPGKEREFVAAISAAPGTAYYAFYADSVRGRFSISADSAKNTVYLQMNNLKPEDTAVYYVAADLKMQVAAYMNQRSVDYWGQGTQVTVSS,64.6
EVQLVESGGGLVQAGDSLRLSATASGCTFSRAVMGWFRQAPGKEREFVAAISAAPGTAYYAFYADSVRGRFSISADSAKNTVYLQMNSLKPEDTAVYYVAADLKMQVAAYMNQRSVDYWGQGTQVTVSS,61.2
EVQLVESGGGLVQAGDSLRLSATASGRIFSRAVMGWFRQAPGKEREFVAAISAAPGTAYYAFYADSVRGRFIISADSAKNTVYLQMNSLKPEDTAVYYVAADLKMQVAAYMNQRSVDYWGQGTQVTVSS,69.5
EVQLVESGGGLVQAGDSLRLSATASDRTFSRAVMGWFRQAPGKEREFVAAISAAPGTAYYAFYADSVRGRFSISADSAKNTVYLQMNSLKPEDTAVYYVAADLKMQVAAYMNQRSVDYWGQGTQVTVSS,64.8
DVQLQASGGGLVQPGGSLRLTCAASGLIFGSYAMGWFRQAPGKAREFVAAISWSGGDTYADSVKGRFTISRDNAKNTVYLQMNSLEPEDTAVYSCAAVGSKYYISKDAKDYGYWGQGTQVTVSSA,75.0
EVQLQASGGGLVQAGGPLRLTCAVSGPTFGSYALGWFRQAPGKEREFVAAVSWSGGDTYADSVKGRFIISRDNAKNTVYLQMNNLEPEDTAVYSCARMQDRYYISKDAKDYGYWGQGTQVTVSS,65.3
DVQLQASGGGLVQAGGSLRLTCAASLHTFGSYAMGWERQAPGKEREFVAAISWSGGDTYSDSVKGRFTISRDNAKNTVYLQMNSLEPEDTAVYSCAAVEARYYISTDAKDYGYWGQGTQVTVSS,70.9
EVQLQASGGGLVRAGGTLRLTCDATTPTFGSYAMGWFRQAPGKEREFVSAISWSGGDTYADSVKGRFTISRDNTRNRVYLQMNDLEPDDTAIYTCARTTARYYISKDAKDYDYWGQGTQVTVSS,65.5
EVQLQASGGGLVQAGGSLRLTCAVSGPTFGSYALGWFRQAPGKEREFVAAVSWSGGDTYADTAKGRFIISRDNAKNTVYLQMNNLEPEDTAVYSCARMQDRYYISKDAKDYGYWGQGTQVIVSS,73.0
EVQLQASGGGLVQAGGSLRLTCAVSGPTFGSYALGWFRQAPGKEREFVAAVSWSGGDTYADSVKGRFIISRDNAKNTVYLQMNNLEPEDTAVYSCARMQDRYYISKDAKDYGYWGQETQVTVSS,70.9
EVQLQASGGGLVLTGGSLRLSCAASGRNFSNYAMAWFRQAPGKEREFVGTISWYTNTNYANSVKGRFESISRDNAKNTVYLQMSSLKPEDTAVYYCAAAPAMYYNPYTRESEYGYWGQGTQVTVSS,60.0
EVQLQASGGGLVQAGGSLRLSCAASGRDFSDYAMAWFRQAPGKEREFVGTISWYTNTNYADSVKGRFSISRDNAKNTVYLQMSSLKPEDTAVYYCAAAPARYYNPYKRESEYGYWGQGTQVTVSS,65.1
EVQLQASGGGLVQPGGSLRLSCAASGSAVSIGFMAWYRQAPGKQRELVARISSSGLPDYADTVKGRFTISRDNTRKTVSLQMNSLNPDDTAVYYCNARLYDGSSAWGQGTQVTVSS,66.9
DVQLQASGGGLVQPGGSLRLSCAASESAVRIGFMGWHRQAPGNQRERVAQISSTGLPTYADAVKGRFTISRDNTKNTVYLQMNSLNADDTAVYFCNARLYDGTSVWGQGTQVTVSS,60.4
DVQLQASGGGLVEPGGSLRLSCAASGSAVSIGFMGWHRQAPGKQRERVAQISSTGIPNYADTVKGRFTISRDNTKNTMYLQMNSLNADDTAVYFCNARLYDGTSAWGQGTQVTVSS,56.2
DVQLQASGGGLVQVGGSLRLSCAASGSTFRIGYMGWYRQAPGKPRELVARISSGGTTDYLDFVKDRFTISRDNAKNTVYLQMSSLKPEDTAVYYCNVVNYRANEYWGQGTQVTVSS,58.5
DVQLQASGGGLVQVGGSLRLSCAASGSTFRIGYMSWHRQAPGKSRELVARISSGGTTDYLDSVKDRFTISRDNTKNTVYLQMNSLEPEDTAVYYCNVVDYRANEYWGQGTQVAVSS,62.1
EVQLVESGGGSVQAGGSLRLSCAASGWTYSTATMGWYRQAPGKERELVSSIFSDENTYYKDSVKGRFTISRDAAKNTVYLQMNSLKPEDTAMYYCYIRPTTSLANWRWGQGTQVTVSS,70.5
EVQLVESGGGSVQAGGSLRLSCAVSENTGRMGWFRQAPGKEREKVAIITRLGGYTSYAGPVKGRFTISQDNAKNTVYLLMNSLKPEDTAIYYCAADSRPIYSGTWRYWGQGTQVTVSS,65.5
QVQLQESGGGSVQAGGSLRLSCTASEFTTKYMAWFRQAPGKERELVAVIYTITSGANYGDSVKGRFTIYRDNENNTVHLEMNNLKPEDTAMYICAASTYWGAALRETAYNSWGRGTQVTVSS,58.0
EVQLVESGGGSVQAGGSLRLSCTASEFTTKYMAWFRQAPGKERELVAVIYTITSGANYGDSVKGRFTIYRDNENNTVHLEMNNLKPEDTAMYICAASTYWGAALRETAYNSWGRGTQVTVSS,62.0
EVQLVESGGGSVQSGGSLRLSCAASGDTFSKRIMAWFRGAPDKEREGLATIDPDGTMKSYADSARGRFTISRDNAKSAVYLQMNSLKPEDTAVYYCATKLTWYGAYQSWGQGTQVTVSS,56.0
QVQLQESGGGSVQAGGSLRLSCAVSGYTYSSYSIGWFRQAPGKEREGVAAINSGGSTNYAGSVEGRGFISQDNAKNTVSLLMNSLKPEDTATYYCAVGAFFTLRPTLYNYWGQGTQVTVSS,54.0
EVQLVESGGGSVQAGGSLRLSCAVSGYTYSSYSIGWFRQAPGKEREGVAAINSGGSTNYAGSVEGRGFISQDNAKNTVSLLMNSLKPEDTATYYCAVGAFFTLRPTLYNYWGQGTQVTVSS,54.0
EVQLVESGGGSVQAGGSLRLFCEASGYTSSHYIMGWSRQAPGKECELVARITSAGITDYASSVKGRFTISRGDATNGMALQMNNLKPEDTAVYYCGVVVPTIGISRWCGYDYWGQGTQVTVSS,67.0
EVQLVESGGGSVQAGGSLRLTCLASGDTTSVDYLGWFRQAPGKKREAVAGLYLEHSRSGLREFYEDDVEGRFTIFQHGARKMVHLQMTNLKPEDSATYYCAAKGESGYWSWRHTIEYWGQGTQVTVSS,54.0
EVQLVESGGGSVQAGGSLRLSCAASGYTYGSNSMGWFRQAPGKEREGVATIDRGGGRTLYTDSVKGRFTISQDNAKNTVYLQMNSLKPEDTAMYYCAADDNWRGDGLDPSDFDYWGQGTQVTVSS,54.0
QVQLQESGGGLVQAGGSLRLSCVASGYLFSLRGMGWYRQAPGKQRELVSIISRYGPAKYADSVKGRFTISQDNAKNTLYLQMNSLRPEDTAVYFCAASRPNSDKLDYWGQGTQVTVSS,62.0
QVQLQESGGGLVQSGGSLTLSCAASRYTYRPRTMAWYRQAPGKQREFVSTISSNGNAKYRDSVKGRFTISQNNAKNTVYLQMNSLRPEDTAVYYCYMYNGDPFWGQGTQVTVSS,55.5
QVQLQESGGGSVQAGGSLKLSCDASTYTYGGKCMGWFRQAPGKEREFVAFIESDGRTSYADSVKGRFTISQDDAKNTVYLQMNSLKREDTSMYYCKTAAGAFCGTRSYGFWGQGTQVTVSS,55.0
QVQLQESGGGLVQAGGSLKLSCDASTYTYGGKCMGWFRQAPGKQREFVAFIESDGRASYADSVKGRFTISQDDAKNTVYLQMNSLRPEDTSVYYCKTAAGAFCGTRSYGFWGQGTQVTVSS,52.0
QVQLQESGGGLVQAGGSLRLSCAASGITYSRSTMGWYRQVPGKQRELVSSIRWNGSALYADSVKGRFTISRDNAKNTAYLQMNSLRPEDTAVFYCKAEVVAGPYAGHDYWGQGTQVTVSS,46.0
QVQLQESGGGLVQAGGSLRLSCAASGWTYSTATMGWYRQAPGKQRELVSSIFSDENAYYKDSVKGRFTISRDAAKNTVYLQMNSLRPEDTAVYYCYIRPTTSLANWRWGQGTQVTVSS,52.0
QVQLQESGGGLVQGGGSLRLSCAASGDTFSRKIMAWFRQAPDKQREGLATIDPDGTMASYADSARGRFTISRDNAKSAVYLQMNSLRPEDTAVYYCATKLTWYGAYQSWGQGTQVTVSS,53.0
QVQLQESGGGSVQAGGSLRLSCVASGFSVSTQCMGWVRQAPGKDAETVAVINSGGGNLYFDSVKGRFTISRDEAKNTVYLQMNSLKPEDTAIYYCVADCVLSEVVGGFKARFTFIGQGTQVTVSS,75.3
EVQLVESGGGLVQPGGSLRLSCAASGIIFSASTMGWYRQAPGKQRELVATITNAGSTNYADSMKGRFTISRDNAKNTVYLQMNSLKPEDTALYYCARGSVVYPRYGMDYWGKGTQVTVSS,59.5
EVQLQASGGGLVQPRGSLRLSCAASGSIFSINAMGWYRQTPEKQRELVATISSSGSTKYGDSVKGRFTISRDNAKNTVYLQMNSLKPEDTAVYYCNTQTAGLVADWGTSHYDYWGQGVQVTVS,54.0
DVQLQASGGGLVQAGGSLRISCAASGGALSDYNMGWFRQAPGKEREFVAVVTWSGGSTRYADSVNGRFTISRDNAKNTVYLQMNSLKPEDTAVYYCAAAPLTPFQSLGDNKAYNYWGQGTQVTVS,67.0
DVQLQASGGGLVQAGGSLRLSCAASSGTFSSYTMGWFRQAPGKERELVARLSQSLTTLYADSVKGRFTISRDNAENTVYLQMNSLKPEDTGVYYCAAHPGTYGSAWLISPHDYAYWGQGTQVTVS,68.0
EVQLQASGGGLAQAGGSLQLSCAAPGRPVRTYTMGWFRQAPGKEREFVAANNWRGTRYAGSVRGRFSISRDNSKNTVYLQMNSLKPEDTAVYYCACAVTADLLLSGNYFRGDDYDYWGQGTQVTVS,60.0
EVQLQASGGGSVPPGGSLRLSCTASLRAFSTYTMGWFRQAPGKEREFVAASNWRGTDFHDSVRGRFIISRDNTEKTVQLQMNSLKPEDTAIYYCAADGSTWLKRSDYSYWGQGTQVTVS,51.0
EVQLQASGGGLVQAGGSLRLSCTASLRAFSTYTMGWFRQAPGKEREFVAASNWRGTDFHDSVKGRFIISRDNTKKTVQLQMNSLKPEDTAIYYCAADGSTWLKRSDYSYWGQGTQVTVS,60.0
EVQLQASGGGLVQPGGSLRLSCTASGSIFSINAMGWYRQTPRKERELVAAISEGGSTKYGDSVKGRFTISRDFAKNTQMVYLQMNSLKREDTAVYYCKAQTEGPIADWGTSQYEYWGQGTQVTVS,62.0
EVQLQASGGGLVEPGGSLRLSCAVSGINFNINHWGWYRQAPGKQREWVATIAIGGATDYADSLKGRFTISRDNMKNTVYLQMSSLRPEDTAVFYCNGVGSKWSDRWGQGTQVTVS,46.0
EVQLQASGGGLVEPGGSLRLSCAVSGINFNINHWGWYRQAPGKQREWVATIAIGGATDYADSLKGRFTISRDNNKNTVYLQMNSLRPEDTAVYYCNGVGSKWSVRWGQGTQVTVS,61.0
EVQLQASGGGLVQTGGSLRLACAGSGRSFNNYGMGWFRQAPGKERQFVAAISGNDHTTHYSDSVKGRFTISRDNAKTTVYLQMNSLKPEDTAVYYCAADRLGSFFFPRASPSDYGYWGQGTQVTVS,62.0
EVQLQRSGGGLVQGGDSLRLSCRASGRTLGDYGVAWFRQAPGKEREFVSVISRSTIITDYANSYKGRFTISRDNAKNAVYLQMNSLKPEDTAVYYCAVIANPVYATSRNSDDYGHWGQGTQVTVSS,60.0
EVQLQASGGGLVQGGDSLRLSCAASGRTLSVYGVAWFRQAPGKEREFVSVISRSTIITDYANSVKGRFTISRDNAKNAVYLQMNSLKPEDTAVYYCAVITNPVYATSRNSDDYGYNGQGTQVTVSS,58.0
EVQLQASGGGLVQGGDSLRLSCARSGRTLSDYGVAWFRQAPGKEREFVSVIGRSTIITDYANSVKGRITISRDNAKNAVYLQMNSLKPEDTAVYYCAVITNPVYATSRNSDDYGYWGQGTQVTVSS,57.0
DVQLQASGGGLAQAGGSLRLSCAYSGDTVNDYAMAWFRQAPGKGREFVAAIRARGGGTEYLDSVKGRFTISRDNGENTAYLQMDNLQPDDTALYFCALAMGGYAYRAFERYSVRGQGTQVTVSS,65.0
DVQLQASGGGLAQAGGSLRLSCAYSGDTVNDYGMGWFRQVPGKGREFVAAIRASGGGTEYLDSVKGRFTISRDNRNTATLQMNDLRPDDTAVYYCALSMGGYAYRAFERYNVRGQGTQVTVSP,59.0
EVQLQASGGGLVQPGGSLRLACQYSGREGTTTVGWFRQSPGKEREFVAAIRWTDSRTPHTDSRFTTSSDNFKKTAYLQMNGLKPEDTALYYCTEDTWNSVVTGTAADWSQGTQVTVSS,49.0
EVQLQASGGGLVRPGGSLRLACQYSGREGTTTVGWIRQSPGKEREFVAAIRWTDSRTSHTDSRFTTSSDNFKKTAYLQMNGLKPEDTALYYCTEDTWNSVVTGTAAGWSQGTQVTVSS,54.0
DVQLQASGGGLAQAGGSLRLSCAYSGDTVNDYAMAWFRQAPGKGREFVAAIRARGGGTEYLDSVKGRFTISRDNGENTAYLQMDNLQPDDTALYFCALAMGGYAYRAFERYSVWGQGTQVTVSS,71.0
DVQLQASGGGLVQPGGSLRLACAHSGREGTTTVGWFRQAPGKEREFVAALRWTDGRISYANSVKGRFTTSSDNWKKTVYLQMNGLKPEDSALYYCAEDSWYPVVTGTAAYWSQGTQVTVSS,66.0
