text,label
QVQLVESGGGLVQPGGSLRLSCAASGFTLDDYAIGWFRQVPGKEREGVACVKDGSTYYADSVKGRFTISRDNGAVYLQMNSLKPEDTAVYYCASRPCFLGVPLIDFGSWGQGTQVTVSS,70.0
EVQLQASGGGLVQSGGSLRLSCAGSGGTESSYRMAWFRQAPGTERVFVARVSDGGGSILYADSAKGRFTISRDNGKNTIHLQMFSLKPEDTAVYFCAAAFSWMPPSTVAADYEYWGQGTQVTVSS,51.0
QVQLQESGGGSVQAGGSLRLSCVVSGYTNNINIMGWFRQAPGKERETVASKPTRYDNTYYADSVKGRFTISQDNAKNTMYLQMDNLKPEDTAMYYCAAGYAVLGSGTWDRASQYQYWGQGTQVTVSS,77.45
QVQLVESGGGLVQAGGSLRLSCAVSGLGAHRVGWFRRAPGKEREFVAAIGANGGNTNYLDSVKGRFTISRDNAKNTIYLQMNSLKPQDTAVYYCAARDIETAEYTYWGQGTQVTVSS,72.8
EVQLQASGGGLVQAGGSLRLSCAASGRDFSDYAMAWFRQAPGKEREFVGTISWYTNTNYADSVKGRFSISRDNAKNTVYLQMSSLKPEDTAVYYCAAAPARYYNPYKRESEYGYWGQGTQVTVSS,65.1
EVQLQASGGGLVRPGGSLRLSCAASGFTFSSYAMMWVRQAPGKGLEWVSAINGGGGSTSYADSVKGRFTISRDNAKNTLYLQMNSLKPEDTAVYYCAKYQAAVHQEKEDYWGQGTQVTVSSAAAGAGGSGGAPASNRCSQGSCWN,65.0
EVQLVESGGGLVQTGGSLRLSCAASGSIAGINAMGWYRQAPGKQRELVATITRGGSTNYADSAKGRFTISRDNAWNTVYLQMNSLKPEDTAVYYCKAQRLLWGDYWGQGTQVTVSS,70.80817579
EVQLQASGGGLVQPGGSLRLSCTASGSIFSINAMGWYRQTPRKERELVAAISEGGSTKYGDSVKGRFTISRDFAKNTQMVYLQMNSLKAEDTAVYYCKAQTEGPIADWGTSQYEYWGQGTQVTVSS,51.0
DVQLQESGGGSVQAGGSLRLSCVASGWIYIPPTMAWFRQAPGKERERVATINPSGRTYYADSTKGRFTISQDNVKRTLYLYMNSLKPEDTATYYCAADDGTAPRMEFDDWGQGTQVTVSS,53.0
DVQLQASGGGLVQAGGSLRISCAASGGALSDYNMGWFRQAPGKEREFVAVVTWSGGSTRYADSVNGRFTISRDNAKNTVYLQMNSLKPEDTAVYYCAAAPLTPFQSLGDNKAYNYWGQGTQVTVS,67.0
QVKLQASGGGLVQAGGSLRLSCAASGRTFSTYALGWFRQAPGKEREFAAAISRNGIIKDYAESVKGRFTISRDNAKNTIYLEMNSLKPEDTAVYYCAATGTVYDYMAHALARSYEFWGQGTQVTVSS,61.0
EVQLQASGGGLVQAGGSLRLTCAASGRTFGSYAMGWFRQAPGKEREFVAAISWSGGDTYADSVKGRFTISRDNAKNTVYLQMNSLAPEDTAVYSCAAVGARYYISKDAKDYGYWGQGTQVTVSS,71.0
QVQLVESGGGSVQAGGSLRLSCAASGDTYGSYWMGWFRQAPGKEREGVAAINRGGGYTVYADSVKGRFTISRDTAKNTVYLQMNSLRPDDTADYYCAASGVLGGLHEDWFNYWGQGTQVTVSS,70.0
QVKLEESGGGLVQAGGSLRLSCAASGRTFNTLSMGWFRQAPGKEREFVCAVSRSGGSTYYADSVKGRFTCSRDNAKNTVYLQMNSLKPEDTAVYYCAAAATKSNTTAYRLSFDYWGQGTQVTVSS,93.6
QVKLEESGGGLVQAGGSLRLSCAASERTFSRYPVAWFRQAPGAEREFVAVISSYGTSTYYADSVKGRFTISRDNAKVTVYLQMNNLKREDTAVYFCAVNSQRTRLQDPNEYDYWGQGTQVTVSS,76.0
DVQLVESGGGLVQAGDSLRLSCAASGRTLVIYAIAWFRQAPGKEREFVSAVRSTGSDTYYANSVKGRFTISRDNSRNNVYLQMDSLQPEDTAVYYCAAGRGQRLGYSRRQNDYDFWGQGTQVTVSS,72.0
QVQLVESGGGSVQAGGSLRLSCTASGGSEYSYSTFSCGWFRQAPGQEREAVAAIASMGGLTYYADSVKGRFTISRDNAKNTCTLQMNNLKPEDTAIYYCAAVRGYFMRLPSSHNFRYWGQGTQVTVSS,82.0
DVQLVESGGGSVQAGESLRLSCAASGVTYKNYCIGWFRQAPGKDREGVVFINSDGGITYYADSVKGRFTISQDNAKNTVYLQMNSLKPEDTASYYCAAGYRNYGQCYTRYWGQGTQVTVSS,81.9
QVKLEESGGGLVQAGDSLRVSCAASGRDFSDYVMGWFRQAPGKEREFVAAISRNGLTTRYADSVKGRFTISRDNDKNMVYLQMNSLKPEDTAVYYCAVNSAGTYVSPRSREYDYWGQGTQVTVSS,61.0
EVQLVESGGGLAQPGGSLKLSCAASGSIFRIIDMGWYRQAPGKQRELVASITPGGRSDYADSVKGRFTISRDNVKNTLYLQMNSLKPEDTAVYFCKGSGAITPGRSYAFDYWGQGTQVTVSS,66.94111111
QVKLQASGGGLVQPGGSLRLSCAASGRAISAYIMAWFRQVPGKEREFVAGTHWNARSTYYDDSAEGRFTISRDNAKNTVYLEMNSLKPEDTAVYFCAQDQSPYGTSLSLRGSKYWGQGTQVTVSS,58.0
EVQLVESGGGLVQDGDSLRLSCTASGRAFSTTNMGWFRQAPGKEREFVCRVNWSGGVTSYADSVKGRFTCSADNTKNTVYLQMDSLKPEDTAVYYCAGSTVWSTDRKHYNYWGQGTQVTVSS,81.0
EVQLQASGGGLVQAGGSLRLSCAASGRTDSTQHMAWFRQAPGKEREFVTAIQWRGGGTSYTDSVKGRFTISRDNAKNTVYLEMNSLKPEDTAVYYCATNTRWTYFSPTVPDRYDYWGQGTQVTVSS,62.0
KVQLVESGGGLVQAGGSLRLACTASGSAFSINTMGWYRRAPGKQRELVASITSSGSTTYADSVKGRFTISRDSAKNTVFLQMNSVKPEDTSVYYCNGEIQRTDYNFWGQGTQVTVSS,63.55
MAQVKLQASGGGSVQAGGSLRLSCVTSQNLFEYYTMGWYRQVPGSQRERVALINNGGSTVAGSVKGRFTISRDHAKNSVYLQMNYLKRADSAVYYCRAFGPADYWGQGTQVTVSS,43.0
QVQLVESGGGLVQAGGSLRLSCAASGIIFGRNAMGWYRQAPGKERELVAGITRRGSITYYADSVKGRFTISRDNAKNTVYLQMNSLKPEDTAVYYCAADPASPAPGDYWGQGTQVTVSS,66.9
EVQLQASGGGLVQAGGSLRLSCAASGFTNERSQNMGWFRQAPGKEREGVACIQSRVVECWYADSVKGRFTISRDNAKNTVYLQMNSLKPEDTAVYYCAAPRAITWTVFVGEHMCDYWGQGTQVTVSS,60.59
EVQLVESGGGLVLPGGSLRLSCAASGSISSIYAMGWYRQAPGKEREFVAVITNGNSPNYADSVKGRFTISRDNAKNTVYLQMNSLKPEDTAVYYCNVEGVRYGDSWYDGDYWGQGTQVTVSS,73.0
QVQLVESGGSLVQPGGSLRLSCAASGRFAESSSMGWFRQAPGKEREFVAAISWSGGATNYADSAKGRFTLSRDNTKNTVYLQMNSLKPDDTAVYYCAANLGNYISSNQRLYGYWGQGTQVTVSS,52.35
QVKLQASGGGLVQAGDSLRLSCAASGRTLSIYATGWFRQAPGKEREFVSAIRSTGSDTYYANSVKGRFTIARDNAKNMVYLQMNSLKPEDTAVYYCAAGRGQRLGYSRRQNDYDFWGQGTQVTVSS,63.0
