text,label
EVQLQASGGGLVQPGGSLRLSCTASGSIFSINAMGWYRQTPRKERELVAAISEGGSTKYGDSVKGRFTISRDFAKNTQMVYLQMNSLKREDTAVYYCKAQTEGPIADWGTSQYEYWGQGTQVTVS,0.42222222222222217
EVQLVESGGGLVQAGDSLRLSATASGRIFSRAVMGWFRQAPGKEREFVAAISAAPGTAYYAFYADSVRGRFIISADSAKNTVYLQMNSLKPEDTAVYYVAADLKMQVAAYMNQRSVDYWGQGTQVTVSS,0.5888888888888888
EVQLVESGGGSVQSGGSLRLSCAASGDTFSKRIMAWFRGAPDKEREGLATIDPDGTMKSYADSARGRFTISRDNAKSAVYLQMNSLKPEDTAVYYCATKLTWYGAYQSWGQGTQVTVSS,0.28888888888888886
QVKLEESGGGLVQAGGSLRLSCAASERTFSRYPVAWFRQAPGAEREFVAVISSTGTSTYYADSVKGRFTISRDNAKVTVYLQMNNLKREDTAVYFCAVNSQRTRLQYPNEYDYWGQGTQVTVSS,0.6755555555555556
MAEVKLQASGGGSVQAGGSLRLSCVTSQNLFEYYTMGWYRQVPGSQRERVALINNGGSTVAGSVEGRFTISRDHAKNSVYLQMNYLKPEDSAVYYCRAFGPADYWGQGTQVTVSS,0.3555555555555555
QVKLEESGGGLVQAGGSLRLSCAASERTFSRYPVAWFRQAPGAEREFVAVISSTGTSTYYADSVKGRFTISRDNAKVTVYLQMNNLKREDTAVYFCAVNSKRKRLQDPNEYDYWGQGTQVTVSS,0.8555555555555554
DVQLQESGGGLVQPGGSLRLSCAASGFLFSDTYMTWARQAPGKGLEWLGGISKDGSGTLYEDSVEGRFTISRDNAKNTLYLQMNSLKSEDTALYYCSTGALLPTRPQGQGTQVTVSS,0.18888888888888883
DVQLQASGGGLAQAGGSLRLSCAYSGDTVNDYAMAWFRQAPGKGREFVAAIRARGGGTEYLDSVKGRFTISRDNGENTAYLQMDNLQPDDTALYFCALAMGGYAYRAFERYSVWGQGTQVTVSS,0.6222222222222221
EVQLQASGGGLVQAGGSLRLSCAASGFTNERSQNMGWFRQAPGKEREGVACISSRVVECWYADSVKGRFTISRDNAKNTVYLQMNSLKPEDTAVYYCAAPRAITWHVFVGEHMCDYWGQGTQVTVSS,0.18133333333333318
EVQLQASGGGLVQPGGSLRLACVASGFTLEYSAIGWFRQAPGKEREAVSRIRNRDGRAIYADSVKDRFTISRDNAKSTVYLQMDSLKPEDTATYYCGRHIGVRSSWALPSEYDYWGQGTQYIYSS,0.3777777777777777
QVQLVESGGGLVQPGGSLRLSCAASGRIFIAYAMGWFRQAPGKEREFVAAITNFAGGTTYYADSVKGRFTISRDNSKNTLYLQMNSLRAEDTAVYYCAADRSAQTMRQVRPVLPYWGQGTLVTVSS,0.6200000000000001
DVQLQASGGELVQDGDSLRLICAHSGREGTTTVGIFRQAPGKEREFVAALRMTDGRISYADSVKERFTISSDNWKNTVYLQMNGLKPEDSALYYCAEDSWYPVVTGTAAYWGQGTQVTVSS,0.4888888888888888
