text,label
EVQLVESGGGLVQPGGSLRLSCAASGRTFIAYAMGWFRQAPGKGLEFVSAITNFAGGTTYYADSVKGRFTISRDNSKNTLYLQMNSLRAEDTAVYYCAADRSAQTMRQVRPVLPYWGQGTLVTVSS,66.1
DVQLQASGGGLAQAGGSLRLSCAYSGDTVNDYGMGWFRQVPGKGREFVAAIRASGGGTEYLDSVKGRFTISRDNRNTATLDMNDLRPDSTAVYYCALSMGGYAYRAFERYNYRGQGTQVTVSP,58.0
DVQLQASGGELVQDGDSLRLICAHSGREGTTTVGIFRQAPGKEREFVAALRMTDGRISYADSVKERFTISSDNWKNTVYLQMNGLKPEDSALYYCAEDSWYPVVTGTAAYWGQGTQVTVSS,65.0
DVQLQASGGELVQDGDSLRLICAHSGREGTTTVGIFRQAPGKEREFVCALRMTDGRISYADSVKERFTCSSDNWKNTVYLQMNGLKPEDSALYYCAEDSWYPVVTGTAAYWGQGTQVTVSS,78.0
QVQLQESGGGSVQPGGSLRLSCAASGHTFSNLDMGWYRQAPGKKREFVAVSRWRDGSTFYADSVRGRFTISRDNAKNTVYLQMNSLEPEDTAVYYCDDDDGGGGKRTVYYYWGQGTQVTVSS,57.8
QVQLQESGGGLVQAGGSLRLSCAASGITYSRSTMGWYRQVPGKQRELVSSIRWNGSALYADSVKGRFTISRDNAKNTAYLQMNSLRPEDTAVFYCKAEVVAGPYAGHDYWGQGTQVTVSS,46.0
QVQLVESGGGLVQAGDSLRLSCAASGRTFSGYAMGWFRQAPGKEREFVARINWSGTLTYYADSVKGRFTASRDNAKNTVYLQMNSLKPEDTAVYYCAQRGDSGSNYDPSGYSYWGQGTQVTVSS,67.0
QVQLVESGGGSVQAGGSLRLSATASGGSEYSYSTFSLGWFRQAPGQEREAVAAIASMGGLTYYADSVKGRFTISRDNAKNTVTLQMNNLKPEDTAIYYVAAVRGYFMRLPSSHNFRYWGQGTQVTVSS,60.2
EVQLVESGGGLVQAGDSLRLSATASGCTFSRAVMGWFRQAPGKEREFVAAISAAPGTAYYAFYADSVRGRFSISADSAKNTVYLQMNSLKPEDTAVYYVAADLKMQVAAYMNQRSVDYWGQGTQVTVSS,61.2
QVQLQESGGGSVQAGGSLKLSCAATYYIFSSCGMGWYRQAPGKERELVAIINSDGTRSIAESVKGRFTISQDANKNTFELQMNNLRAEDTAVYFCAAPKYVDYASRGRVCDKELMYWGQGTQVTVSS,70.58334992
EVQLQASGGGLVQPGGSLRLACVASGFTLEYSAIGWFRQAPGKEREAVSRIRNRDGRAIYADSVKDRFTISRDNAKSTVYLQMDSLKPEDTATYYCGRHIGVRSSWALPSEYDYWGQGTQYIYSS,60.0
QVQLQESGGGSVQAGGSLRLSCAASGYTYSASSMGWSRQVPGRQREGIAFIYSRSGGTNYADSVKGRFTISQNSAKNMVYLQMDNLKTEDTAMYYCYSMYAGKAYWGQGTQVTVSS,62.45
